Input/ho_distance_noBay_id_28.asc
NCOLS 174 
NROWS 185 
XLLCORNER 428292.82952926 
YLLCORNER 6186935.0366855 
CELLSIZE 1000 
NODATA_value -9999 
[rows 112 to 139 of 185, columns 65 to 129 of 174]
0 0 0 0 0 0 0 0 0 0 0 0 0 0 0 0 0 52039.3193828765 52112.1523340914 52204.0427548487 0 0 0 52759.8779015281 52945.1638513157 53148.6221298463 53370.0449068549 53609.2095858373 53865.8798450072 54139.8067094376 54430.729644143 54738.3776582053 55062.4704105331 55402.719308436 55758.8285908866 56130.4963890966 56517.4157578433 56919.2756718094 57335.761982047 57766.5583285041 58211.3470053648 58669.8097767285 59141.6286408823 59626.4865420943 60124.0680294761 60634.0598630142 61156.1515673617 61690.0359344087 62235.4094760142 62791.9728285843 63359.4311114312 63937.4942410376 64525.8772035006 65124.3002875252 65732.4892804028 66350.1756294344 66977.0965712557 67612.9952314925 68257.6206971233 68910.7280638572 69572.0784607546 70241.4390542215 70918.5830334083 71603.2895789359 72295.3438167595
0 0 0 0 0 0 0 0 0 0 0 0 50963.6379506941 0 0 50951.4412980142 50986.6161791848 51041.3625255246 51115.6174522088 51209.2960953289 51322.2920925945 0 0 51775.8113679848 51964.6062418611 52171.8886080444 52397.4390594494 52641.0227773666 52902.3906653163 53181.2805145219 53477.418189576 53790.5188233141 54120.2880105033 54466.4229906678 54828.6138111923 55206.54446273 55599.8939798801 56008.3375010581 56431.5472824461 56869.1936618541 57320.9459692353 57786.4733814628 58265.4457197834 58757.5341891025 59262.4120589271 59779.7552863893 60309.243082293 60850.558421576 61403.3884999529 61967.4251388152 62542.3651407044 63127.9105978624 63723.7691564947 64329.6542394622 64945.2852301633 65570.3876203717 66204.6931247651 66847.9397648337 67499.8719247774 68160.2403819109 68828.8023139906 69505.3212857614 70189.5672168979 70881.316333389 71580.3511042833
0 0 0 0 0 0 0 0 0 50156.4087891355 50072.4575158978 50008.365907515 49964.2103890217 49940.0438411596 49935.8952850098 49951.7697081293 49987.6480346146 50043.4872395103 50119.2206059666 50214.7581215729 50329.9870084087 50464.7723796027 50618.9580136102 50792.3672360538 50984.8038978348 51196.0534373421 51425.8840139643 51674.0476997518 51940.2817159741 52224.3097014529 52525.8429999157 52844.5819541636 53180.2171955778 53532.4309183447 53900.8981287499 54285.2878609333 54685.2643515866 55100.488167179 55530.6172783983 55975.3080775664 56434.2163358099 56906.9980977341 57393.3105122368 57892.8125989103 58405.1659502057 58930.0353701709 59467.0894511251 60016.0010900979 60576.4479472439 61148.1128487517 61730.684137001 62323.8559708938 62927.3285793957 63540.8084713891 64164.0086049514 64796.6485191541 65438.4544314221 66089.1593034125 66748.5028782695 67416.2316919959 68092.099061546 68775.865052109 69467.2964259041 70166.1665746601 70872.2554378049
0 50557.9864787326 50315.9582621878 50092.7271657348 49888.5455185784 49703.6480856062 49538.250797503 49392.5495508667 49266.7190930485 49160.9120059002 49075.257801772 0 0 0 48935.9128303996 48952.1115336508 48988.7219945725 49045.6985037427 49122.9701949968 49220.4414835652 49337.9926516633 49475.4805732507 49632.7395678762 49809.5823719809 50005.8012147557 50221.168984684 50455.4404722296 50708.3536737807 50979.6311418958 51268.9813671217 51576.1001771246 51900.6721395716 52242.371956084 52600.8658356148 52975.8128367547 53366.866169688 53773.6744497892 54195.8828961244 54633.1344693763 55085.0709449254 55551.3339179717 56031.5657386487 56525.4103760692 57032.5142111195 57552.5267586061 58085.1013200338 58629.8955688743 59186.5720706617 59754.798740638 60334.2492419742 60924.6033278116 61525.547130519 62136.7734016519 62757.9817061284 63388.8785741258 64029.1776141455 64678.5995906089 65336.8724692331 66003.7314333012 66678.918873793 67362.184356183 68053.2845665432 68751.9832394196 69458.0510697784 70171.2656111494
49856.3362508136 49590.7241670527 49343.9518327345 49116.3032152232 48908.0453564469 48719.426922397 48550.6768099612 48402.0028280217 48273.5904695553 48165.6017909137 0 0 0 0 0 47952.4676135857 0 0 48126.8753131506 48226.3598716103 48346.3281493495 48486.6281007775 48647.0838143627 48827.4965844057 49027.6460964492 49247.2917104808 49486.1738253798 49744.0153077154 50020.5229680053 50315.3890678713 50628.292842143 50958.9020208276 51306.8743369427 51671.8590074457 52053.4981758562 52451.4283065999 52865.2815225731 53294.6868788947 53739.2715672435 54198.662046553 54672.4850971216 55160.3687963878 55661.943415695 56176.8422383329 56704.7022999775 57245.1650533701 57797.8769596783 58362.4900094627 58938.6621765641 59526.0578085066 60124.3479572144 60733.2106539635 61352.3311325432 61981.4020045993 62620.1233910815 63268.2030136212 63925.3562495455 64591.306154078 65265.7834531108 65948.5265097475 66639.2812676232 67337.8011738125 68043.8470839387 68757.1871518967 69477.5967064166
48895.6459307287 48624.7863752809 48373.0866195266 48140.8471898734 47928.3509753597 47735.861637513 47563.6220796346 47411.8529947188 47280.7515110679 0 0 0 0 0 0 0 0 0 47130.9458215783 47232.528125171 47355.0142239825 47498.2424012942 47662.0256626869 47846.1529208895 48050.3903042178 48274.4825704656 48518.1546073705 48781.1130004557 49063.0476491396 49363.6334124654 49682.5317665957 50019.3924572991 50373.8551319613 50745.5509371447 51134.104069328 51539.1332681428 51960.2532431272 52397.0760267062 52849.2122477426 53316.272321548 53797.8675536864 54293.6111562172 54803.1191762023 55326.0113373407 55861.9117964832 56410.4498175346 56971.2603658644 57543.9846268368 58128.2704524412 58723.7727402682 59330.1537492462 59947.083356638 60574.2392608131 61211.3071342603 61857.9807312142 62513.961954125 63178.9608830369 63852.6957717435 64534.893014379 65225.2870858831 65923.6204595469 66629.6435046212 67343.1143667371 68063.7988336674 68791.4701887412
0 47660.2536362397 47403.4327420412 47166.4191431546 46949.5128179863 46752.9936250587 46577.1196185778 0 0 0 0 0 0 0 0 0 0 0 46135.1924312183 46238.9623556159 46364.0733627082 46510.3532328137 46677.602947234 46865.5980006459 47074.0898479903 47302.8074650457 47551.4590011043 47819.7335018947 48107.3026810977 48413.822719439 48738.9360713566 49082.2732605806 49443.454647555 49822.0921534147 50217.7909271392 50630.1509444756 51058.7685292047 51503.2377892636 51963.1519620966 52438.1046653525 52927.6910506494 53431.5088595812 53949.1593824225 54480.2483210984 55024.3865589346 55581.1908404776 56150.2843653005 56731.2973001907 57323.8672144609 57927.6394433579 58542.2673846699 59167.4127336721 59802.7456615098 60447.9449420222 61102.6980318567 61766.7011085325 62439.6590708927 63121.2855061415 63811.3026274057 64509.4411854952 65215.4403582724 65929.0476207711 66650.0185989504 67378.116909713 68113.1139895796
0 0 46435.0660854297 46193.0841297346 0 0 0 0 0 0 0 0 0 0 0 0 0 0 45139.6267961372 45245.6800849878 45373.5300082723 45522.9929208318 45693.856737297 45885.8823886731 46098.805425365 46332.3377427061 46586.1694042632 46859.9705379893 47153.393280651 47466.073746817 47797.6339999878 48147.6840051036 48515.823543601 48901.6440743289 49304.7305258924 49724.6630083039 50161.0184341178 50613.3720414519 51081.2988134106 51564.3747903867 52062.1782735028 52574.2909190462 53100.2987251393 53639.7929130748 54192.3707067339 54757.6360143002 55335.2000171058 55924.6816709012 56525.7081251544 57137.9150661683 57760.9469898753 58394.457410149 59038.1090083704 59691.5737298218 60354.5328322676 61026.6768918298 61707.7057709838 62397.3285532067 63095.2634484978 63801.2376736836 64514.9873111077 65236.2571490035 65964.8005065537 66700.3790463589 67442.7625767693
0 0 0 0 0 0 0 0 0 0 0 0 0 0 0 0 0 0 44144.2616194171 44252.7004032756 44383.410775205 44536.1966393528 44710.8316871608 44907.0610173517 45124.6029154237 45363.1507650558 45622.3750630292 45901.9255091791 46201.4331434507 46520.5125032739 46858.7637761154 47215.774924111 47591.1237600335 47984.3799564123 48395.1069722949 48822.8638848479 49267.2071156556 49727.6920441259 50203.8745028105 50695.3121516424 51201.565730073 51722.2001878256 52256.7856964818 52804.8985453674 53366.1219262283 53940.0466119894 54526.2715354911 55124.4042745192 55734.0614497019 56354.8690419707 56986.4626362804 57628.4875981897 58280.5991897237 58942.4626307024 59613.7531114278 60294.1557623024 60983.365585603 61681.087354276 62387.0354822566 63100.9338704497 63822.5157321567 64551.5234013877 65287.7081271691 66030.8298566431 66780.6570094625
0 0 0 0 0 0 0 0 0 0 0 0 0 0 0 0 0 0 43149.1107736016 43260.0441471234 43393.7446951699 43550.0027293696 43728.5764321985 43929.1936625878 44151.5539353222 44395.3305423237 44660.1727831488 44945.7082720834 45251.5452900533 45577.2751510691 45922.4745550018 46286.7079010087 46669.5295387882 47070.4859379032 47489.1177585862 47924.9618105991 48377.5528898053 48846.4254850283 49331.1153504859 49831.160941538 50346.1047136716 50875.4942865276 51418.883476375 51975.8332017443 52545.9122679782 53128.6980372434 53723.7769911155 54330.7451932111 54949.2086595262 55578.7836441809 56219.0968481813 56869.7855586225 57530.4977254867 58200.8919828618 58880.6376210318 59569.4145154859 60266.913018474 60972.8338183066 61686.8877711734 62408.7957098346 63138.2882331346 63875.1054799044 64618.9968904457 65369.7209584525 66127.0449758982
0 0 0 0 0 0 0 0 0 0 0 0 0 0 0 0 0 42064.1180594937 42154.1894380801 42267.7341034513 42404.5634961449 42564.4530607067 42747.1440381182 42952.3454828039 43179.7364690043 43428.9684495405 43699.6677292826 43991.4380159165 44303.863011782 44636.5090125254 44988.9274809234 45360.6575673491 45751.2285518195 46160.1621862331 46586.9749191538 47031.1799891985 47492.2893766441 47969.8156062062 48463.2733969956 48972.181158393 49496.0623329673 50034.4465895997 50586.8708716602 51152.8803064358 51732.0289830494 52323.8806068662 52928.0090388832 53543.998728883 54171.4450512181 54809.9545520306 55459.1451165106 56118.6460645008 56788.0981823764 57467.1536986977 58155.4762106568 58852.7405678511 59558.6327194077 60272.8495299818 60995.0985696584 61725.0978823109 62462.5757365111 63207.2703626561 63958.9296795719 64717.3110134757 65482.1808118321
0 0 0 0 0 0 0 0 0 0 0 0 0 0 0 0 0 41067.2613495473 41159.5142562512 41275.7952421157 41415.9019209721 41579.5934442137 41766.5925117746 41976.587630525 42209.235578978 42464.1640353391 42740.9743253322 43039.2442468176 43358.5309298614 43698.3736934713 44058.2968635056 44437.8125200972 44836.4231471448 45253.6241608155 45688.9062984316 46141.7578534388 46611.6667462547 47098.122424598 47600.6175903312 48118.6497528709 48651.7226118252 49199.3472736835 49761.0433091492 50336.3396590728 50924.775397954 51525.9003646766 52139.2756705452 52764.4740948645 53401.0803782671 54048.6914237955 54706.9164154148 55375.3768632025 56053.7065839559 56741.5516254072 57438.5701416502 58144.4322267901 58858.8197132282 59581.4259404122 60311.9554993149 61050.1239573669 61795.6575680556 62548.2929689285 63307.776871293 64073.8657444979 64846.3254973053
0 0 0 0 0 0 0 0 0 0 0 0 0 0 0 39955.9577943513 40000.8027709758 40070.5612810829 40165.1035158574 40284.2549825371 40427.7980918647 40595.4741026029 40786.9853834973 41001.997948053 41240.1442139896 41501.0259373089 41784.2172704922 42089.2678953462 42415.7061832612 42763.0423389551 43130.7714879039 43518.3766723933 43925.331726224 44351.1040033655 44795.1569410786 45256.9524430709 45735.9530729699 46231.6240527133 46743.4350642948 47270.8618566286 47813.3876621076 48370.5044297194 48941.7138833942 49526.5284156132 50124.4718272528 50735.0799252311 51357.9009898 51992.4961233506 52638.4394924008 53295.3184740805 53962.7337179297 54640.2991332469 55327.6418115685 56024.4018931728 56730.2323857947 57444.7989430269 58167.77960919 58898.8645367789 59637.7556819532 60384.1664829355 61137.8215256104 61898.4562001017 62665.8163516157 63439.6579284043 64219.7466292998
0 0 0 0 0 0 0 0 0 0 0 0 0 0 0 38956.4948358163 39002.4890096966 39074.0298409317 39170.9773565652 39293.1435001968 39440.2939287422 39612.1502098043 39808.3923727475 40028.6617608076 40272.5641276994 40539.6729202171 40829.5326881989 41141.6625647922 41475.5597629947 41830.7030387043 42206.5560756949 42602.5707537621 43018.190267465 43452.8520691835 43905.990616371 44377.0399087567 44865.4358066642 45370.6181264971 45892.0325137048 46429.1320971808 46981.3789320405 47548.245240119 48129.2144593388 48723.7821144002 49331.456522082 49951.7593448778 50584.2260068008 51228.405985016 51883.8629905691 52550.1750509231 53226.9345063304 53913.7479312995 54610.2359915998 55316.0332463992 56030.7879042876 56754.1615411045 57485.8287866871 58225.4769868897 58972.8058465031 59727.5270580313 60489.3639206628 61258.0509532005 62033.333504201 62814.967362102 63602.7183676961
0 0 0 0 0 0 0 0 0 0 0 0 0 0 0 0 0 0 38177.1580096992 38302.4940800995 38453.4356308325 38629.6825106433 38830.8901511621 39056.6727844314 39306.6069261729 39580.2350562396 39877.0694280021 40196.5959407538 40538.2780132894 40901.5604022788 41285.8729155601 41690.633977649 42115.2540122557 42559.1386141137 43021.6914896876 43502.31715314 44000.4233701325 44515.4233475255 45046.7376717553 45593.7960025974 46156.0385321897 46732.9172216277 47323.8968292133 47928.4557456272 48546.0866519544 49176.2970167293 49818.6094480376 50472.5619162989 51137.7078627224 51813.6162076308 52499.8712719392 53196.0726241017 53901.8348638265 54616.7873528437 55340.5739020139 56072.8524231003 56813.2945526072 57561.5852542286 58317.4224056443 59080.5163746634 59850.5895890373 60627.3761036539 61410.6211682672 62200.0807984278 62995.5213518347
0 0 0 0 0 0 0 0 0 0 0 0 0 0 0 0 0 0 0 37312.3435257699 37467.2742329033 37648.1380349958 37854.563219784 38086.1341647999 38342.395265263 38622.8550697146 38926.9905437693 39254.251385719 39604.0643231442 39975.8373266935 40368.963685346 40782.8258962924 41216.7993316538 41670.2556532155 42142.5659548972 42633.1036205597 43141.2468918076 43666.3811465803 44207.9008944888 44765.2114990588 45337.7306403175 45924.8895335906 46526.1339220338 47140.9248614147 47768.7393160848 48409.0705850317 49061.4285764806 49725.339948799 50400.3481345332 51086.0132633254 51781.9119982951 52487.6372992508 53202.7981248752 53927.0190848219 54659.9400514972 55401.2157401964 56150.5152652253 56907.5216786746 57671.9314976301 58443.4542247963 59221.8118667808 60006.7384536346 60797.9795626584 61595.2918489713 62398.4425848792
0 0 0 0 0 0 0 0 0 0 0 0 0 0 0 0 0 0 0 0 0 36667.5909234722 36879.5049206144 37117.15967377 37380.0642228804 37667.6898729558 37979.4749756194 38314.8297462252 38673.1410353586 39053.7769825053 39456.09148988 39879.4284652664 40323.1257937033 40786.519008532 41268.944642332 41769.7432473601 42288.2620830994 42823.8574753305 43375.896856733 43943.7605034487 44526.8429853609 45124.5543501706 45736.3210628055 46361.5867223992 46999.8125791695 47650.4778731083 48313.0800156035 48987.1346340304 49672.1754980708 50367.7543451131 51073.4406206218 51788.8211478761 52513.4997400214 53247.0967659622 53989.2486802906 54739.6075261851 55497.8404190587 56263.6290176684 57036.6689884354 57816.6694678521 58603.3525270814 59396.4526421562 60195.7161725851 61000.9008506345 61811.775283092
0 0 0 0 0 0 0 0 0 0 0 0 0 0 0 0 0 0 0 0 0 0 0 0 0 0 37034.7194677197 37378.5514046655 37745.75160425 38135.6450480159 38547.5431420315 38980.7483425511 39434.558453263 39908.2705646629 40401.1846177913 40912.6065850048 41441.8512694341 41988.2447322631 42551.1263629406 43129.8506120003 43723.7884094229 44332.3282935884 44954.8772769877 45590.8614751634 46239.7265249921 46900.9378175382 47573.9805694573 48258.3597554001 48953.5999221726 49659.2449036296 50374.8574534676 51100.0188113048 51834.3282157126 52577.4023762371 53328.8749149207 54088.3957864326 54855.630684628 55630.2604421984 56411.9804290307 57200.4999539677 57995.5416738423 58796.8410129397 59604.1455954149 60417.2146926515 61235.8186870761
0 0 0 0 0 0 0 0 0 0 0 0 0 0 0 0 0 0 0 0 0 0 0 0 0 0 0 36445.6586130669 36822.1630380229 37221.7322253715 37643.6317179384 38087.1194496814 38551.4503881867 39035.8807520893 39539.6717885956 40062.0931081787 40602.42558354 41159.9638280383 41734.0182750708 42323.9168844574 42929.0065049377 43548.6539236232 44182.2466338915 44829.1933529541 45488.9243193886 46160.8913994691 46844.5680293041 47539.4490177434 48245.0502328388 48960.908192431 49686.5795772478 50421.6406827931 51165.6868243085 51918.3317072279 52679.2067738331 53447.9605352607 54224.2578966029 55007.7794815953 55798.2209622703 56595.2923979801 57398.7175873415 58208.2334359144 59023.5893417913 59844.54660073 60670.8778319999
0 0 0 0 0 0 0 0 0 0 0 0 0 0 0 0 0 0 0 0 0 0 0 0 0 0 0 0 35902.6686672138 36312.3570769822 36744.69942107 37198.9058253505 37674.1855076101 38169.751279257 38684.8235329937 39218.6337196667 39770.4273285553 40339.4663940219 40925.0315578735 41526.4237211858 42142.9653219844 42774.0012763419 43418.8996204075 44077.0518899068 44747.8732719675 45430.8025619467 46125.3019554463 46830.8567030288 47546.9746524228 48273.1857003105 49009.0411731874 49754.1131543283 50507.9937716023 51270.2944587872 52040.6452011239 52818.6937741533 53604.1049833527 54396.5599107593 55195.7551735941 56001.4021988902 56813.2265172502 57630.9670781161 58454.3755882947 59283.2158749502 60117.2632738256
0 0 0 0 0 0 0 0 0 0 0 0 0 0 0 0 0 0 0 0 0 0 0 0 0 0 0 0 0 35407.8692258551 35851.1207938298 36316.5048047344 36803.1816598894 37310.3181351934 37837.0915690921 38382.6934628926 38946.3325170021 39527.2371357197 40124.6574395588 40737.8668280564 41366.1631379921 42008.8694422678 42665.3345337408 43334.9331363802 44017.0658835077 44711.1590998442 45416.6644207839 46133.0582789459 46859.8412846986 47596.5375241273 48342.693794866 49097.8787973849 49861.6822967419 50633.7142674695 51413.6040321845 52200.9994026626 52995.5658305042 53796.9855731139 54604.9568795026 55419.1931993859 56239.4224181702 57065.3861196777 57896.8388778388 58733.547578066 59575.2907686019
0 0 0 0 0 0 0 0 0 0 0 0 0 0 0 0 0 0 0 0 0 0 0 0 0 0 0 0 0 0 34963.3063196657 35440.3505606434 35938.8940692367 36458.0548847348 36996.9650787312 37554.774451398 38130.6535893879 38723.7963300658 39333.4216827234 39958.775260629 40599.1302787138 41253.7881708638 41922.0788786174 42603.3608599549 43297.0208631271 44002.4735063903 44719.1607002982 45446.5509450125 46184.13853106 46931.4426681586 47688.0065632144 48453.3964653841 49227.2006932165 50009.028656321 50798.5098817599 51595.2930533957 52399.0450707291 53209.4501323103 54026.2088475708 54849.0373798835 55677.6666227885 56511.8414106008 57351.3197640248 58195.872170919 59045.2809019693
0 0 0 0 0 0 0 0 0 0 0 0 0 0 0 0 0 0 0 0 0 0 0 0 0 0 0 0 0 0 0 0 35081.8191311228 35613.4762780515 36164.9741001685 36735.4190220334 37323.9423129832 37929.7024618098 38551.8869564116 39189.7135350395 39842.4309752427 40509.319484231 41189.690750648 41882.8877131525 42588.284096111 43305.2837574075 44033.319888104 44771.8540986033 45520.3754211797 46278.3992543353 47045.4662704301 47821.1413044555 48605.012238649 49396.6888948818 50195.8019443485 51002.0018420334 51814.9577916773 52634.356745493 53459.9024416463 54291.3144814975 55128.3274477594 55970.6900640496 56818.1643957671 57670.5250917914 58527.5586661656
0 0 0 0 0 0 0 0 0 0 0 0 0 0 0 0 0 0 0 0 0 0 0 0 0 0 0 0 0 0 0 33708.7273731788 34232.4985967694 34777.1421947856 35341.6932007347 35925.2131149333 36526.7928569139 37145.5549893984 37780.6552951234 38431.2837879176 39096.6652368968 39776.0592782203 40468.7601831711 41174.0963449295 41891.4295397049 42620.154011202 43359.6954209448 44109.5097009207 44869.0818394375 45637.924626046 46415.577376902 47201.6046579955 47995.5950202539 48797.1597575795 49605.9316963734 50421.5640229831 51243.7291537443 52072.1176508198 52906.437185841 53746.4115523805 54591.7797275046 55442.2949820342 56297.7240386627 57157.8462767094 58022.4529820177
0 0 0 0 0 0 0 0 0 0 0 0 0 0 0 0 0 0 0 0 0 0 0 0 0 0 0 0 0 0 32339.1800868509 32854.3486885419 33391.5241761561 33949.6619403689 34527.7454364437 35124.7898781242 35739.845033812 36371.9972245052 37020.3706242649 37684.1279614701 38362.4707139018 39054.6388836652 39759.9104298792 40477.6004285152 41207.0600202084 41947.675198604 42698.8654840629 43460.0825204534 44230.8086263764 45010.5553265193 45798.861883896 46595.2938494726 47399.4416420407 48210.9191681276 49029.3624891682 49854.4285410311 50685.7939092533 51523.15366192 52366.2202409945 53214.722412006 54068.404271306 54927.0243095682 55790.3545298147 56658.1796179593 57530.2961636689
0 0 0 0 0 0 0 0 0 0 0 0 0 0 0 0 0 0 0 0 0 0 0 0 0 0 0 0 0 30973.64744844 31479.3979503861 32008.4075576605 32559.5425864034 33131.6989074562 33723.806599387 34334.8334874567 34963.7876905506 35609.719301455 36271.7213237384 36948.9299824157 37640.5245168552 38345.726554109 39063.7991498653 39794.0455731701 40535.8079003991 41288.4654739865 42051.4332723047 42824.1602289364 43606.1275324023 44396.8469311803 45195.8590635157 46002.7318270089 46817.0587991836 47638.4577171085 48466.5690215767 49301.0544692685 50141.5958146557 50987.893562088 51839.6657874772 52696.647028211 53558.5872393436 54425.2508136885 55296.415663146 56171.8723584139 57051.4233241245
0 0 0 0 0 0 0 0 0 0 0 0 0 0 0 0 0 0 0 0 0 0 0 0 0 0 0 0 29612.6848467128 30108.0846765326 30628.1312186652 31171.5909283805 31737.2610674711 32323.9756082592 32930.6097450663 33556.0831629732 34199.3622206452 34859.4612029133 35535.4427918935 36226.4178946036 36931.5449518833 37650.0288391854 38381.1194554043 39124.110082001 39878.3355817047 40643.1704942611 41418.0270761911 42202.3533223281 42995.630998988 43797.373711898 44607.1250263697 45424.4566525203 46248.9667045137 47080.2780396817 47918.0366809019 48761.9103236407 49611.5869275444 50466.77339129 51327.1943085372 52192.5908021901 53062.7194337359 53937.351184146 54816.2705026566 55699.2744196811 56586.1717201072
0 0 0 0 0 0 0 0 0 0 0 0 0 0 0 0 0 0 0 0 0 0 0 0 0 0 27800.5343895166 28256.9526205713 28740.9295336761 29251.0972361423 29786.1099940354 30344.6536911413 30925.4533789533 31527.2790730874 32148.9499799115 32789.3373502633 33447.3661583075 34122.0157960577 34812.3199606825 35517.3658947768 36236.293121151 36968.2917947326 37712.6007758549 38468.5055121399 39235.3358007301 40012.4634889502 40799.3001595995 41595.2948369358 42399.9317408665 43212.7281097671 44033.2321065258 44861.0208176954 45695.6983518604 46536.8940403497 47384.2607411074 48237.4732447687 49096.2267806631 49960.2356195086 50829.231768888 51702.9637571567 52581.1955011711 53463.7052531051 54350.2846216045 55240.7376625977 56134.8800352014
