Input/ho_distance_noBay_id_4.asc
NCOLS 174 
NROWS 185 
XLLCORNER 428292.82952926 
YLLCORNER 6186935.0366855 
CELLSIZE 1000 
NODATA_value -9999 
[rows 87 to 115 of 185, columns 64 to 127 of 174]
0 0 0 0 0 0 0 0 0 0 0 0 0 0 0 0 0 0 0 0 0 0 0 0 0 0 0 0 0 0 0 0 0 0 0 0 0 0 0 0 0 0 3000.23902789075 3819.30534037264 4708.79521125299 5635.46017642208 6583.62137873673 7545.17922365528 8515.5967832912 9492.15716442367 10473.1421594782 11457.4153172153 12444.196430854 13432.9328096362 14423.2223489316 15414.7657129533 16407.3355863699 17400.7563083413 18394.8900285052 19389.6270778816 20384.8791332654 21380.574275177 22376.6533555597 23373.0672880861
0 0 0 0 0 0 0 0 0 0 0 0 0 0 0 0 0 0 0 0 0 0 0 0 0 0 0 0 0 0 0 0 0 0 0 0 0 0 0 0 0 1595.52555446729 2476.15848714864 3423.01327955332 4393.48141802358 5374.78725430491 6361.9177209045 7352.52719451474 8345.37687612722 9339.7523662632 10335.2132692867 11331.4735308414 12328.3393625694 13325.6748608541 14323.3819175403 15321.3879467312 16319.6380987067 17318.0901583079 18316.7111073413 19315.4747507878 20314.3600417744 21313.3498766703 22312.4302133112 23311.589415619
0 0 0 0 0 0 0 0 0 0 0 0 0 0 0 0 0 0 0 0 0 0 0 0 0 0 0 0 0 0 0 0 0 0 0 0 0 0 0 0 0 1294.46066914277 2293.74965558094 3293.4702884644 4293.32104547492 5293.22818873681 6293.16484104445 7293.11886472983 8293.0839760368 9293.05659576645 10293.0345355798 11293.0163822231 12293.0011822857 13292.9882692418 14292.9771630937 15292.9675093894 16292.9590406948 17292.951551435 18292.9448809862 19292.9389020263 20292.9335123298 21292.9286288749 22292.9241835359 23292.9201198862
0 0 0 0 0 0 0 0 0 0 0 0 0 0 0 0 0 0 0 0 0 0 0 0 0 0 0 0 0 0 0 0 0 0 0 0 0 0 0 0 1104.48901960901 1674.97912015552 2528.08506808554 3460.76193489197 4422.95514656404 5398.9064899327 6382.30760348931 7370.17702664445 8360.93107629753 9353.65316446563 10347.7768906968 11342.9337315422 12338.8737207526 13335.4213939867 14332.4499934142 15329.8656834376 16327.5975247664 17325.5908987047 18323.8030727193 19322.2001362764 20320.7548374769 21319.4450261577 22318.252514072 23317.1622274324
0 0 0 0 0 0 0 0 0 0 0 0 0 0 0 0 0 0 0 0 0 0 0 0 0 0 0 0 0 0 0 0 0 0 0 0 0 0 2679.27313023441 2182.69639778788 2085.62283825151 2436.28440087695 3085.63457662706 3886.7466857253 4763.66023741374 5681.38345088912 6622.97342396577 7579.54062150715 8546.05728342591 9519.49337675683 10497.9242333252 11480.0728337044 12465.0604220628 13452.2633926116 14441.227421612 15431.6139305401 16423.1655767016 17415.683352033 18409.0109912727 19403.0241131458 20397.6225034644 21392.7245308389 22388.2630391658 23384.1822813927
0 0 0 0 0 0 0 0 0 0 0 0 0 0 0 0 0 0 0 0 0 0 0 0 0 0 0 0 0 0 0 0 0 0 0 0 0 0 3508.33737479671 3145.48727447999 3078.92014388741 3326.47084925688 3827.67127238951 4498.52491690287 5274.6929281728 6116.21161709078 6999.55024294821 7910.71189350721 8841.0984453628 9785.22768151649 10739.475771081 11701.3673942902 12669.1616910779 13641.6024356817 14617.7623483116 15596.9431341605 16578.6095372548 17562.3447536847 18547.8196105579 19534.7708295828 20522.9854169133 21512.2892664021 22502.5387132181 23493.6141876553
0 0 0 0 0 0 0 0 0 0 0 0 0 0 0 0 0 0 0 0 0 0 0 0 0 0 0 0 0 0 0 0 0 0 0 0 0 4883.92247132106 4408.89529977691 4126.01706527191 4075.49701035777 4265.59901302914 4667.01124901958 5231.31465857249 5912.04804746338 6673.67748501796 7491.57061186476 8349.20890211018 9235.5264251474 10143.0078087378 11066.4477799625 12002.1633685414 12947.4933706751 13900.4763818438 14859.6400595949 15823.8605200892 16792.2666968387 17764.1740555613 18739.0378337522 19716.419502367 20695.9623369351 21677.373367416 22660.4098632147 23644.8690888192
0 0 0 0 0 0 0 0 0 0 0 0 0 0 0 0 0 0 0 0 0 0 0 0 0 0 0 0 0 0 0 0 0 0 0 0 0 5743.05017694206 5344.93071923241 5114.09263231655 5073.4211840172 5227.35703476954 5559.75904401213 6041.23991296446 6639.44566545393 7325.83768609673 8077.96737190459 8879.1449993834 9717.24626520268 10583.5029190299 11471.5383927194 12376.6656315082 13295.394360931 14225.0894644356 15163.7340167162 16109.7637595415 17061.9502826247 18019.3175926636 18981.0817806519 19946.6068448324 20915.3719469876 21886.9468574161 22860.9733344378 23837.1508544204
0 0 0 0 0 0 0 0 0 0 0 0 0 0 0 0 0 0 0 0 0 0 0 0 0 0 0 0 0 0 0 0 0 0 0 0 0 0 0 6106.05192255305 6072.02842050611 6201.22473370818 6483.89136680081 6901.1960061278 7430.48890541627 8049.70958681333 8739.76449857515 9485.20651061824 10273.9866462632 11096.8671554685 11946.8037451293 12818.4156112663 13707.568633484 14611.0607725858 15526.3890186584 16451.577888374 17385.0531801245 18325.5486448367 19272.0365346477 20223.6755129061 21179.771252538 22139.746370913 23103.1172880821 24069.4762611361
0 0 0 0 0 0 0 0 0 0 0 0 0 0 0 0 0 0 0 0 0 0 0 0 0 0 0 0 0 0 0 0 0 0 0 0 0 0 0 7100.26736890332 7071.02932877762 7182.27782997521 7427.70313660108 7794.64129668541 8266.92760356069 8827.66962799548 9461.152684507 10153.7711801121 10894.2520732997 11673.4907930368 12484.2319088374 13320.7246579214 14178.4119163845 15053.6714302257 15943.609459207 16845.8998467353 17758.6598791901 18680.3549153456 19609.7251082669 20545.7289449733 21487.4995506419 22434.3106869223 23385.5501337017 24340.6987186974
0 0 0 0 0 0 0 0 0 0 0 0 0 0 0 0 0 0 0 0 0 0 0 0 0 0 0 0 0 0 0 0 0 0 0 0 0 0 8243.66813259683 8095.90781437836 8070.27771501283 8167.92761084186 8384.55130072403 8711.27772333043 9136.30224059565 9646.6407463963 10229.5325772272 10873.3157687558 11567.8284420886 12304.4834887172 13076.1604832089 13877.0181249847 14702.288634756 15548.0850961845 16411.2342380674 17289.1372912368 18179.6569641386 19081.0268694396 19991.7794468325 20910.6887621932 21836.7251108731 22769.0189210329 23706.8319622187 24649.5342905986
0 0 0 0 0 0 0 0 0 0 0 0 0 0 0 0 0 0 0 0 0 0 0 0 0 0 0 0 0 0 0 0 0 0 0 0 0 0 9224.3152000239 9092.50515358183 9069.69178232823 9156.6897995374 9350.43459650258 9644.49512426609 10030.0521065702 10497.028356589 11035.092359267 11634.3853484433 12285.9505735044 12981.9197560728 13715.534973585 14481.0758809611 15273.7427544356 16089.5269286326 16925.0859922694 17777.6318699717 18644.8345115411 19524.7410487636 20415.7089536414 21316.351262313 22225.491899997 23142.1293155006 24065.4068802893 24994.5887618179
0 0 0 0 0 0 0 0 0 0 0 0 0 0 0 0 0 0 0 0 0 0 0 0 0 0 0 0 0 0 0 0 0 0 0 0 0 10422.6800046759 10208.7177225346 10089.7758447307 10069.2221971427 10147.6546410465 10322.8171432256 10589.9108981611 10942.20598826 11371.7866207572 11870.2649509837 12429.3543301763 13041.2617535111 13698.9111677575 14396.0350875035 15127.1770432937 15887.6412458764 16673.4160691861 17481.0887096517 18307.7612376072 19150.9733588597 20008.6341275529 20878.9630659378 21760.4402015978 22651.7640996421 23551.816827675 24459.6348080439 25374.3846034026
0 0 0 0 0 0 0 0 0 0 0 0 0 0 0 0 0 0 0 0 0 0 0 0 0 0 0 0 0 0 0 0 0 0 0 0 0 11391.3206042526 11195.8851444355 11087.5381950147 11068.8374405098 11140.2343486549 11300.0212566823 11544.5285507894 11868.5213282241 12265.7024901565 12729.2229391881 13252.123440946 13827.6691728068 14449.570713731 15112.1061692152 15810.1679917752 16539.2584775338 17295.4540283044 18075.353083791 18876.0178046704 19694.9157708469 20529.8652279861 21378.9856012345 22240.6538662044 23113.4667121752 23996.2080861405 24887.8215513506 25787.3868515287
0 0 0 0 0 0 0 0 0 0 0 0 0 0 0 0 0 0 0 0 0 0 0 0 0 0 0 0 0 0 0 0 0 0 0 12950.7062981457 12621.6660025272 12364.9549832529 12185.145497547 12085.6704346474 12068.5164338219 12134.0326343698 12280.8960190399 12506.2410855137 12805.9253920797 13174.8770091425 13607.4627783636 14097.8261559388 14640.1626145884 15228.9205277364 15858.9305912672 16525.4754411833 17224.3141406464 17951.6755951692 18704.2325619821 19479.0650389394 20273.6191601241 21085.6655789727 21913.2597293692 22754.7052502403 23608.5211329264 24473.4126991385 25348.2462549359 26232.027128291
0 0 0 0 0 0 0 0 0 0 0 0 0 0 0 0 0 0 0 0 0 0 0 0 0 0 0 0 0 0 0 0 0 0 0 13887.0702543708 13580.7355952595 13342.4899612804 13176.0273764663 13084.0879118076 13068.2445470855 13128.77277589 13264.6271587056 13473.5293341422 13752.1508054744 14096.3580699069 14501.4816447682 14962.5742755741 15474.6336955222 16032.777272485 16632.3662215462 17269.0840864868 17938.9777926355 18638.4705194174 19364.3549430832 20113.7739228677 20884.1940346941 21673.3758223603 22479.343375548 23300.3548825831 24134.8751128493 24981.5503076041 25839.1856456405 26706.7252557926
0 0 0 0 0 0 0 0 0 0 0 0 0 0 0 0 0 0 0 0 0 0 0 0 0 0 0 0 0 0 0 0 0 15582.3402851365 15178.767664745 14831.7445662615 14545.3190386924 14323.1269280094 14168.190570937 14082.7299595252 14068.0113083346 14124.2557761444 14250.6231543912 14445.273252763 14705.4948371522 15027.8820019333 15408.5332372212 15843.2495271983 16327.7130866386 16857.6354717413 17428.8706678497 18037.494055859 18679.8514681908 19352.5840634317 20052.6349637825 20777.243032925 21523.9282452751 22290.4720938402 23074.8955625977 23875.4364207926 24690.5269960329 25518.7731366606 26358.9347557687 27209.9081313663
0 0 0 0 0 0 0 0 0 0 0 0 0 0 0 0 0 0 0 0 0 0 0 0 0 0 0 0 0 0 0 17400.2280810841 16921.9855907121 16490.5808081701 16109.7769832269 15783.2371048473 15514.3879210992 15306.2696835273 15161.3835346049 15081.5519672847 15067.8090245539 15120.3349122613 15238.4443732774 15420.6305310772 15664.6578333045 15967.6912574432 16326.4455149169 16737.3379666561 17196.6316838092 17700.5593224369 18245.4229708612 18827.6689593839 19443.939351445 20091.1034182095 20766.2730315218 21466.8058797351 22190.2999920404 22934.5824639401 23697.694652725 24477.8755391948 25273.5444678983 26083.2840921029 26905.824055172 27740.0257236072
0 0 0 0 0 0 0 0 0 0 0 0 0 0 0 0 0 0 0 0 0 0 0 0 0 0 0 0 0 0 18769.9814822558 18272.8723495445 17818.0673183504 17408.8822737069 17048.6023203753 16740.3853043121 16487.1513365817 16291.4645828381 16155.4163459933 16080.5204011222 16067.6319172873 16116.8996549568 16227.7575020848 16398.9564486582 16628.6328861849 16914.4048290807 17253.4851488199 17642.8004817565 18079.1058378889 18559.087449444 19079.4493110946 19636.9815672661 20228.611028236 20851.4355186925 21502.7445282854 22180.028884274 22880.982067336 23603.4954916485 24345.6496829062 25105.7028888121 25882.0782898095 26673.3506642557 27478.233107623 28295.5642066984
0 0 0 0 0 0 0 0 0 0 0 0 0 0 0 0 0 0 0 0 0 0 0 0 0 0 0 0 0 0 19632.6801907744 19157.9693739119 18724.6748861033 18335.7331091175 17994.0203319688 17702.2717967448 17462.9918921228 17278.3605959265 17150.1429714562 17079.6095681344 17067.4755619695 17113.8651717532 17218.30538048 17379.7496884733 17596.6291741489 17866.9252349426 18188.2565522248 18557.9722886976 18973.2441750637 19431.1516278657 19928.7559231285 20463.1613320657 21031.5627274977 21631.2803555219 22259.7832172218 22914.7028768917 23593.8395983941 24295.1626060265 25016.8060533672 25757.062025206 26514.3716355645 27287.3150435756 28074.6010006531 28875.0563705838
0 0 0 0 0 0 0 0 0 0 0 0 0 0 0 0 0 0 0 0 0 0 0 0 0 0 0 0 21526.7447605342 20999.6761652104 20507.8535713084 20053.8703785764 19640.3507152817 19269.8997215291 18945.0440573863 18668.1641677704 18441.4211072072 18266.682006097 18145.4493074817 18078.7994520905 18067.336513372 18111.1652785222 18209.886512674 18362.6148972032 18568.0177973177 18824.3710115379 19129.6263172741 19481.4851101518 19877.4727054419 20315.008742654 20791.4703489827 21304.2460164904 21850.779331403 22428.6026414529 23035.3614147186 23668.8304435439 24326.92322559 25007.6958691173 25709.3467777925 26430.2132189528 27168.7657036132 27923.6009303304 28693.4338825953 29477.0895278586
0 0 0 0 0 0 0 0 0 0 0 0 0 0 0 0 0 0 0 0 0 0 0 0 0 0 0 22911.6784098343 22372.5426944321 21865.8712534558 21393.9707565292 20959.1899602476 20563.8834573693 20210.3676836119 19900.8698544889 19637.4713245832 19422.0477571843 19256.2093398692 19141.2449229246 19078.0742282314 19067.2120488661 19108.7475878182 19202.3408321347 19347.2363011358 19542.292893888 19786.027155774 20076.6662986549 20412.2068558514 20790.4749292696 21209.1844926463 21665.990997451 22158.5384211177 22684.4987605781 23241.6037113876 23827.6688355304 24440.6109005939 25078.4592878579 25739.3624495881 26421.590383052 27123.534014363 27843.7022769392 28580.717547769 29333.3099837688 30100.3111887965
0 0 0 0 0 0 0 0 0 0 0 0 0 0 0 0 0 0 0 0 0 0 0 0 0 0 24299.9850848955 23750.2617708661 23230.596058715 22743.048439066 22289.7265878302 21872.7586376009 21494.2603845135 21156.2966640144 20860.8376532273 20609.7114645699 20404.5550236055 20246.7657854252 20137.4572334341 20077.421221036 20067.0999884245 20106.5700954674 20195.5396081032 20333.3587761832 20519.0433056589 20751.3083259352 21028.6104223876 21349.1947238079 21711.1440143901 22112.4271275703 22550.9443822343 23024.5684343735 23531.1795422088 24068.6948068687 24635.0914097088 25228.424204124 25846.838237621 26488.5768953386 27151.9863914003 27835.5173125507 28537.7238601089 29257.2613580688 29992.88250957 30743.4327994027
0 0 0 0 0 0 0 0 0 0 0 0 0 0 0 0 0 0 0 0 0 0 0 0 0 25691.1179728836 25132.0353683331 24600.9117882583 24099.5958445818 23629.9847424983 23194.0043543417 22793.5845589882 22430.629864234 22106.9856643728 21824.4008903636 21584.4882561951 21388.6837449233 21238.207348994 21134.0273127813 21076.8301581596 21066.9985658713 21104.5987318628 21189.3781572623 21320.7740419992 21497.9316402417 21719.7312107453 21984.821648709 22291.658574096 22638.5445875521 23023.6695620204 23445.1491605327 23901.060190254 24389.4718531719 24908.4723806015 25456.1909050374 26030.8147097287 26630.6021995513 27253.8920627727 27899.1091547344 28564.767646286 29249.4719566837 29951.9159454508 30670.8807806667 31405.2318399401
0 0 0 0 0 0 0 0 0 0 0 0 0 0 0 0 0 0 0 0 0 0 0 0 0 26517.2296691344 25975.9336383535 25462.4191200024 24978.3995984767 24525.6214102661 24105.8450301628 23720.8225758877 23372.2716639882 23061.8460187771 22791.1035461713 22561.4729109343 22374.2199633718 22230.4156062784 22130.9068292825 22076.2926268181 22066.9063351305 22102.8055744502 22183.7704937746 22309.3104415844 22478.6785963389 22690.8935587831 22944.7664959691 23238.9321745442 23571.8821410507 23941.9983863107 24347.5860361685 24786.9038979689 25258.1920157731 25759.6957079113 26289.685848688 26846.4753940108 27428.4323310638 28033.9893557493 28661.6506547824 29309.9962012162 29977.6839728126 30663.4504815154 31366.1099674612 32084.5525689449
0 0 0 0 0 0 0 0 0 0 0 0 0 0 0 0 0 0 31673.2344818931 30996.442402371 30337.5196853998 0 0 0 27905.3352765399 27354.951945756 26830.5619585789 26333.7181968605 25866.00806329 25429.0391518968 25024.421896364 24653.7492139784 24318.573341466 24020.3802722351 23760.5624403402 23540.3905349895 23360.9855442433 23223.292287203 23128.0557703276 23075.8016713159 23066.8221008535 23101.1675222475 23178.645343278 23298.825270987 23461.0510861407 23664.4580991204 23907.9952355597 24190.4504968813 24510.4784592342 24866.628508085 25257.3726348887 25681.131818441 26136.3002457246 26621.2668667963 27134.4340027889 27674.2329199966 28239.1364380844 28827.6687546403 29438.4127439946 30070.0150306631 30721.1891534626 31390.7171320017 32077.4497290521 32780.3056754873
0 0 0 0 0 0 0 0 0 0 0 0 0 35949.9014446685 0 0 33780.9471604474 33086.8259298994 32408.6980481164 31747.5883845136 31104.5820947818 30480.8248961465 0 0 28737.3913834416 28203.2502131159 27694.9270019284 27213.8685361097 26761.5451676315 26339.4373291781 25949.0195937385 25591.7423583222 25269.0113774414 24982.1655396762 24732.4534591759 24521.0096278441 24348.8310238365 24216.7551766512 24125.4407285003 24075.3514907447 24066.7448663383 24099.6652989195 24173.9431326059 24289.1989500886 24444.853133032 24640.1400920129 24874.1263728506 25145.731682953 25453.7518045883 25796.8823695443 26173.7425494831 26582.8978500303 27022.8813630905 27492.213010636 27989.4164869635 28513.0337624607 29061.637142421 29633.838976013 30228.2991832949 30843.7308147589 31478.9038823118 32132.6477074384 32803.8520260787 33491.4670745757
0 0 0 0 0 0 0 0 0 0 38868.6038253861 38109.7628225805 37362.2761813552 36626.8390734224 35904.1919498114 35195.1226539619 34500.4683690807 33821.1173195751 33158.0101303287 32512.140730218 31884.5566680803 31276.3586911671 30688.6994191194 30122.7809323041 29579.851084042 29061.1983444011 28568.1449917761 28102.0384906444 27664.2409328032 27256.1164777138 26879.0168068927 26534.2647074258 26223.1360180712 25946.8403024488 25706.5007486298 25503.1339211051 25337.6300954991 25210.7349737143 25123.0335941618 25074.9372089324 25066.6737939126 25098.2826932231 25169.6136880855 25280.3305410745 25429.9188226094 25617.6976011316 25842.8343925651 26104.3626334769 26401.2008734183 26732.1728749667 27096.0278578913 27491.4602146584 27917.1281437161 28371.6707800437 28853.7235363082 29361.9314924653 29894.9607798161 30451.5079936161 31030.3077352414 31630.138431602 32249.8266082288 32888.2498062658 33544.3383356695 34217.0760503639
0 0 45838.9901448064 45019.980859105 44208.4192842574 43404.7231839027 42609.3376354261 41822.7367921835 41045.4257116037 40277.9422377224 39520.8589223946 38774.7849642308 0 0 0 35914.1557781388 35233.6805388671 34568.7417094325 33920.2529830186 33289.1757406293 32676.5187948322 32083.3374137969 31510.7314841477 30959.8426631109 30431.8503673881 29927.9664501553 29449.4284307886 28997.4911666279 28573.41689433 28178.4636216331 27813.8719191381 27480.8502450841 27180.5590312499 26914.0938600909 26682.4681648513 26486.5959765845 26327.2753144974 26205.1728584999 26120.810546428 26074.5546972696 26066.6081744331 26097.0059734434 26165.6144555495 26272.1342660809 26416.1067902426 26596.9238261124 26813.8400097887 27065.9874220222 27352.3917452859 27671.9893257804 28023.6445221642 28406.1667840478 28818.3269885964 29258.8726624965 29726.5418193692 30220.0752414223 30738.2271228473 31279.7740675067 31843.5224931662 32428.314538861 33033.0326020761 33656.6026501242 34297.9964576193 34956.2329215461
