Input/ho_distance_noBay_id_5.asc
NCOLS 174 
NROWS 185 
XLLCORNER 428292.82952926 
YLLCORNER 6186935.0366855 
CELLSIZE 1000 
NODATA_value -9999 
[rows 116 to 144 of 185, columns 64 to 127 of 174]
0 4243.48752671152 3404.82678676551 2679.27313023441 2182.69639778788 2085.62283825151 2436.28440087695 3085.63457662706 3886.7466857253 4763.66023741374 5681.38345088912 0 0 0 0 0 11480.0728337044 0 0 14441.227421612 15431.6139305401 16423.1655767016 17415.683352033 18409.0109912727 19403.0241131458 20397.6225034644 21392.7245308389 22388.2630391658 23384.1822813927 24380.4355996344 25376.983648307 26373.7930177849 27370.8351572158 28368.0855233835 29365.5229022151 30363.1288634594 31360.8873190406 32358.7841628217 33356.806974808 34354.9447767439 35353.1878289871 36351.5274607569 37349.9559275333 38348.4662906771 39347.0523153351 40345.708383473 41344.4294194848 42343.2108263093 43342.0484303615 44340.9384338934 45339.8773736414 46338.8620848134 47337.8896696281 48336.9574697498 49336.0630420681 50335.2041373574 51334.3786814252 52333.5847584176 53332.8205959989 54332.0845521642 55331.3751034803 56330.6908345758 57330.0304287298 58329.3926594269
0 4810.10530221072 4089.34861278363 3508.33737479671 3145.48727447999 3078.92014388741 3326.47084925688 3827.67127238951 4498.52491690287 5274.6929281728 0 0 0 0 0 0 0 0 0 14617.7623483116 15596.9431341605 16578.6095372548 17562.3447536847 18547.8196105579 19534.7708295828 20522.9854169133 21512.2892664021 22502.5387132181 23493.6141876553 24485.4153866525 25477.8575574054 26470.868606337 27464.3868278991 28458.3591039785 29452.739464259 30447.4879260677 31442.5695525439 32437.953682763 33433.6132983499 34429.5244992161 35425.6660671418 36422.0191005271 37418.5667071533 38415.2937444997 39412.1865992578 40409.2329993189 41406.4218527967 42403.7431096629 43401.1876423768 44398.7471425413 45396.4140311307 46394.1813802589 47392.042844795 48389.9926024111 49388.0253008755 50386.1360115899 51384.320188526 52382.5736318433 53380.8924555782 54379.2730588827 55377.7121003662 56376.2064751572 57374.7532943548 58373.3498665838
0 0 4883.92247132106 4408.89529977691 4126.01706527191 4075.49701035777 4265.59901302914 4667.01124901958 0 0 0 0 0 0 0 0 0 0 0 14859.6400595949 15823.8605200892 16792.2666968387 17764.1740555613 18739.0378337522 19716.419502367 20695.9623369351 21677.373367416 22660.4098632147 23644.8690888192 24630.5804496345 25617.3994063495 26605.2027130589 27593.8846569576 28583.3540635104 29573.5318921924 30564.3492918962 31555.7460170974 32547.6691293567 33540.0719261691 34532.9130522045 35526.1557578306 36519.7672773001 37513.7183047306 38507.9825504427 39502.5363636782 40497.3584104228 41492.4293971896 42487.7318333102 43483.249825626 44478.9689005525 45474.8758493615 46470.9585932264 47467.2060651549 48463.6081063967 49460.155375301 50456.8392669164 51453.6518418854 52450.5857634067 53447.6342412178 54444.7909817048 55442.0501433708 56439.4062970064 57436.8543899915 58434.3897142393
0 0 0 5344.93071923241 5114.09263231655 0 0 0 0 0 0 0 0 0 0 0 0 0 0 15163.7340167162 16109.7637595415 17061.9502826247 18019.3175926636 18981.0817806519 19946.6068448324 20915.3719469876 21886.9468574161 22860.9733344378 23837.1508544204 24815.2255664726 25794.9816625916 26776.2345753087 27758.825571167 28742.6174199393 29727.4908999653 30713.3419586023 31700.0793898778 32687.6229234106 33675.901642593 34664.8526680861 35654.4200564059 36644.5538739 37635.209414532 38626.3465361947 39617.9290952053 40609.9244625158 41602.3031082386 42595.0382435358 43588.1055108707 44581.482715196 45575.1495899228 46569.0875925475 47563.2797256547 48557.7103797059 49552.365194589 50547.2309373762 51542.2953941223 52537.5472738639 53532.9761232458 54528.5722504314 55524.3266571423 56520.2309778327 57516.2774251436 58512.4587408921
0 0 0 0 0 0 0 0 0 0 0 0 0 0 0 0 0 0 0 15526.3890186584 16451.577888374 17385.0531801245 18325.5486448367 19272.0365346477 20223.6755129061 21179.771252538 22139.746370913 23103.1172880821 24069.4762611361 25038.477320794 26009.825174392 26983.2663823518 27958.5822909438 28935.5833322571 29914.1043963632 30894.0010502854 31875.1464303077 32857.4286731643 33840.748781175 34825.0188388911 35810.1605160831 36796.1038052422 37782.7859521327 38770.1505460476 39758.1467427962 40746.7285985052 41735.8544963291 42725.4866513803 43715.5906817671 44706.1352357181 45697.0916664599 46688.4337478926 47680.1374252411 48672.1805957818 49664.5429155139 50657.205628276 51650.1514143372 52643.3642559295 53636.8293175594 54630.5328392422 55624.4620410664 56618.6050377132 57612.9507617435 58607.4888946251
0 0 0 0 0 0 0 0 0 0 0 0 0 0 0 0 0 0 0 15943.609459207 16845.8998467353 17758.6598791901 18680.3549153456 19609.7251082669 20545.7289449733 21487.4995506419 22434.3106869223 23385.5501337017 24340.6987186974 25299.3136897608 26261.0154455504 27225.4768790182 28192.4147661827 29161.5827658067 30132.7656955932 31105.7748259714 32080.4439897978 33056.6263499631 34034.1917004003 35013.0242018326 35993.0204736507 36974.0879789503 37956.1436520318 38939.1127273362 39922.9277364614 40907.527646012 41892.8571139253 42878.8658458486 43865.5080363239 44852.7418821115 45840.529157088 46828.8348398757 47817.6267867706 48806.8754437057 49796.5535919497 50786.6361230436 51777.0998391466 52767.923275523 53759.0865423697 54750.5711835824 55742.3600503875 56734.4371880568 57726.7877341541 58719.3978269754
0 0 0 0 0 0 0 0 0 0 0 0 0 0 0 0 0 0 15548.0850961845 16411.2342380674 17289.1372912368 18179.6569641386 19081.0268694396 19991.7794468325 20910.6887621932 21836.7251108731 22769.0189210329 23706.8319622187 24649.5342905986 25596.5857059475 26547.5207667389 27501.9366212446 28459.4830764277 29419.854453005 30382.7828727804 31348.0326998846 32315.3959160577 33284.6882555639 34255.7459607669 35228.4230471237 36202.5889881599 37178.1267481856 38154.9311041532 39132.9072089105 40111.9693567857 41092.0399194082 42073.0484252895 43054.9307612412 44037.6284774032 45021.0881806773 46005.2610038334 46990.1021395927 47975.5704306669 48961.628008129 49948.2399716438 50935.3741060517 51923.000629605 52911.0919698363 53899.6225636043 54888.5686783461 55877.9082519741 56867.6207491975 57857.6870323476 58848.089245035
0 0 0 0 0 0 0 0 0 0 0 0 0 0 0 0 0 0 16089.5269286326 16925.0859922694 17777.6318699717 18644.8345115411 19524.7410487636 20415.7089536414 21316.351262313 22225.491899997 23142.1293155006 24065.4068802893 24994.5887618179 25929.0402142253 26868.2114307863 27811.6242702212 28758.8613058041 29709.5567564546 30663.3889471388 31620.0740160746 32579.3606419855 33541.0256089326 34504.8700614507 35470.7163307441 36438.4052350626 37407.7937752704 38378.7531609832 39351.1671142064 40324.9304067436 41299.9475952117 42276.1319236488 43253.4043687231 44231.6928066607 45210.9312843843 46191.0593801424 47172.0216412055 48153.7670881197 49136.2487765946 50119.423409432 51103.2509920106 52087.6945257799 53072.7197349964 54058.2948226079 55044.3902517461 56030.9785497722 57018.0341322248 58005.5331443654 58993.4533183183
0 0 0 0 0 0 0 0 0 0 0 0 0 0 0 0 15127.1770432937 15887.6412458764 16673.4160691861 17481.0887096517 18307.7612376072 19150.9733588597 20008.6341275529 20878.9630659378 21760.4402015978 22651.7640996421 23551.816827675 24459.6348080439 25374.3846034026 26295.342801719 27221.8792907182 28153.4433271839 29089.5519084683 30029.7800407195 30973.752571371 31921.1373138714 32871.6392422032 33824.9955732159 34780.9715877316 35739.3570681555 36699.9632520747 37662.6202190203 38627.1746419626 39593.4878468568 40561.4341331481 41530.8993160061 42501.7794575093 43473.9797593144 44447.4135937266 45422.0016537175 46397.6712054478 47374.3554293603 48351.9928379987 49330.5267604594 50309.9048848526 51290.0788513864 52271.003889728 53252.6384951814 54234.9441389682 55217.8850085325 56201.4277743372 57185.5413800775 58170.1968536387 59155.3671364619
0 0 0 0 0 0 0 0 0 0 0 0 0 0 0 0 15810.1679917752 16539.2584775338 17295.4540283044 18075.353083791 18876.0178046704 19694.9157708469 20529.8652279861 21378.9856012345 22240.6538662044 23113.4667121752 23996.2080861405 24887.8215513506 25787.3868515287 26694.1000913856 27607.2569942657 28526.2387602354 29450.5001122982 30379.5591792079 31312.9889180435 32250.409827474 33191.4837435532 34135.9085444796 35083.4136197662 36033.7559834402 36986.7169309826 37942.0991563613 38899.7242593013 39859.4305843447 40821.0713427112 41784.5129758052 42749.6337257263 43716.3223835477 44684.4771906397 45654.0048720736 46624.8197842934 47596.8431618774 48570.002450431 49544.2307145181 50519.4661111132 51495.6514203912 52472.7336267986 53450.6635443142 54429.3954806224 55408.8869356218 56389.0983302893 57369.9927624325 58351.5357863019 59333.6952134164
0 0 0 0 0 0 0 0 0 0 0 0 0 0 0 0 0 0 0 18704.2325619821 19479.0650389394 20273.6191601241 21085.6655789727 21913.2597293692 22754.7052502403 23608.5211329264 24473.4126991385 25348.2462549359 26232.027128291 27123.8807385284 28023.0363339955 28928.8130491894 29840.6079611906 30757.8858595969 31680.1704795052 32607.0369808272 33538.1054880498 34473.0355319353 35411.521258548 36353.2872915657 37298.0851514074 38245.6901496123 39195.8986895144 40148.5259148726 41103.4036570661 42060.3786389785 43019.310900022 43980.072412074 44942.545860574 45906.6235688088 46872.2065465968 47839.203647274 48807.5308191664 49777.1104396629 50747.8707216462 51719.7451834349 52692.6721745819 53666.5944508917 54641.4587928891 55617.2156627201 56593.8188951058 57571.2254185245 58549.3950032712 59528.2900334589
0 0 0 0 0 0 0 0 0 0 0 0 0 0 0 0 0 0 0 0 20113.7739228677 20884.1940346941 21673.3758223603 22479.343375548 23300.3548825831 24134.8751128493 24981.5503076041 25839.1856456405 26706.7252557926 27583.2346353163 28467.8852745586 29359.9412646543 30258.7476628243 31163.7204001864 32074.3375339151 32990.1316653637 33910.6833661098 34835.6154734644 35764.5881351036 36697.2944988062 37633.4569577475 38572.8238744476 39515.1667174475 40460.2775542407 41407.9668521012 42358.0615453922 43310.4033338614 44264.8471814856 45221.2599897304 46179.5194227627 47139.5128652793 48101.1364962862 49064.2944644359 50028.8981524818 50994.8655200689 51962.1205155105 52930.592548421 53900.21601613 54870.9298777048 55842.6772701893 56815.4051623416 57789.0640417333 58763.6076315782 59738.9926340962
0 0 0 0 0 0 0 0 0 0 0 0 0 0 0 0 0 0 0 0 0 0 22290.4720938402 23074.8955625977 23875.4364207926 24690.5269960329 25518.7731366606 26358.9347557687 27209.9081313663 28070.7099941543 28940.4633451925 29818.3848941044 30703.7739822236 31596.0028454549 32494.5080724191 33398.7831204526 34308.3717623782 35222.8623488221 36141.8827830343 37065.096116982 37992.1966885258 38922.9067295616 39856.9733840475 40794.1660828505 41734.2742293874 42677.1051561869 43622.4823178456 44570.2436904856 45520.2403518236 46472.3352194218 47426.4019276693 48382.3238266141 49339.9930879796 50299.309905608 51260.1817792223 52222.5228718169 53186.2534322164 54151.299275405 55117.5913141439 56085.0651361975 57053.6606221725 58023.3215995823 58993.9955292662 59965.6332207507
0 0 0 0 0 0 0 0 0 0 0 0 0 0 0 0 0 0 0 0 0 0 0 0 0 0 0 26905.824055172 27740.0257236072 28584.8681334183 29439.4352062575 30302.9042225651 31174.5354958253 32053.6631672418 32939.6870279229 33832.0652718103 34730.3080840719 35633.9719744105 36542.6547712614 37455.9912002087 38373.6489775032 39295.3253569321 40220.7440752365 41149.6526476736 42081.8199711314 43017.0341974111 43955.1008439266 44895.8411131618 45839.0903958269 46784.696935807 47732.5206377563 48682.4320005929 49634.3111622482 50588.0470428479 51543.5365750927 52500.6840119863 53459.4003032671 54419.6025329428 55381.2134112462 56344.1608151236 57308.3773720652 58273.800082692 59240.3699780485 60208.0318080121
0 0 0 0 0 0 0 0 0 0 0 0 0 0 0 0 0 0 0 0 0 0 0 0 0 0 0 0 28295.5642066984 29124.2959199688 29963.4823058407 30812.2691626396 31669.8845910349 32535.6304544417 33408.8746911133 34289.0444192461 35175.6197705677 36068.1283864587 36966.1405121037 37869.2646273876 38777.1435574828 39689.451010768 40605.8884965552 41526.1825798278 42450.0824346869 43377.3576623823 44307.7963436318 45241.2032984013 46177.3985294299 47116.2158285692 48057.5015274705 49001.1133763443 49946.9195364426 50894.7976736168 51844.6341417983 52796.3232465617 53749.7665800881 54704.8724198537 55661.5551842651 56619.7349392375 57579.3369504029 58540.291276236 59502.5323979163 60465.9988822114
0 0 0 0 0 0 0 0 0 0 0 0 0 0 0 0 0 0 0 0 0 0 0 0 0 0 0 0 0 29687.61592757 30511.3126318982 31345.2685038739 32188.6861589359 33040.8410258727 33901.0742419102 34768.7861998953 35643.4307113183 36524.509742515 37411.5686785464 38304.1920688599 39201.9998100432 40104.6437232043 41011.8044863143 41923.188884938 42838.5273479459 43757.5717379202 44680.0933689462 45605.8812272745 46534.740372917 47466.4905025989 48400.9646566247 49338.0080541397 50277.4770429948 51219.2381519619 52163.1672344185 53109.1486938402 54057.0747825199 55006.8449658901 55958.3653456746 56911.5481358442 57866.3111860177 58822.5775475332 59780.2750779392 60739.3360801103
0 0 0 0 0 0 0 0 0 0 0 0 0 0 0 0 0 0 0 0 0 0 0 0 0 0 0 0 0 0 31081.668635233 31900.7176127583 32729.8249807033 33568.245446046 34415.298362567 35270.3617849751 36132.8670257641 37002.2936932303 37878.165182841 38760.0445907523 39647.5310168947 40540.2562250678 41437.8816284408 42340.0955704069 43246.6108726419 44157.1626242927 45071.5061883531 45989.4154033868 46910.6809607769 47835.1089395886 48762.5194829064 49692.7456011373 50625.6320892675 51561.034546413 52498.818487228 53438.8585358392 54381.0376939605 55325.2466757309 56271.3833026077 57219.3519523554 58169.0630568005 59120.432643584 60073.3819176436 61027.8368786048
0 0 0 0 0 0 0 0 0 0 0 0 0 0 0 0 0 0 0 0 0 0 0 0 0 0 0 0 0 0 0 32477.4646614841 33292.2118504684 34116.8144608343 34950.5749310867 35792.8532960426 36643.0621827727 37500.6621966742 38365.1576856865 39236.0928649389 40113.0482806359 40995.6375901528 41883.504634661 42776.32078078 43673.782508488 44575.609223624 45481.5412746287 46391.3381545981 47304.776871187 48221.6504683458 49141.7666852732 50064.9467392941 50991.0242206104 51919.8440880305 52851.2617558362 53785.142262919 54721.3595161976 55659.7956011291 56600.3401528471 57542.8897821139 58487.3475508595 59433.6224926056 60381.6291735497 61331.2872905061
0 0 0 0 0 0 0 0 0 0 0 0 0 0 0 0 0 0 0 0 0 0 0 0 0 0 0 0 0 0 0 0 0 34685.5438992095 35505.9518199767 36335.358450152 37173.1614576908 38018.8057652798 38871.7796206527 39731.6109657677 40597.8640939844 41470.1365810646 42348.0564738297 43231.2797193096 44119.4878169241 45012.3856764583 45909.6996651552 46811.1758280357 47716.5782664871 48625.6876611561 49538.2999262069 50454.2249830215 51373.2856424024 52295.3165852774 53220.1634327903 54147.6818974869 55077.7370080684 56010.2024008883 56944.9596720113 57881.8977842426 58820.9125240678 59761.9060039299 60704.7862057109 61649.4665616791
0 0 0 0 0 0 0 0 0 0 0 0 0 0 0 0 0 0 0 0 0 0 0 0 0 0 0 0 0 0 0 0 34476.5314838147 35273.4586086053 36080.50084563 36896.9944620158 37722.3257420397 38555.9271506609 39397.2737318915 40245.8797464301 41101.2955467663 41963.104683533 42830.9212338431 43704.3873403825 44583.1709488761 45466.9637309908 46355.4791796369 47248.4508638354 48145.6308307492 49046.7881430508 49951.7075404618 50860.1882150111 51772.0426902867 52687.0957956822 53605.1837273403 54526.153188176 55449.8605999957 56376.1713813334 57304.9592851787 58236.1057912916 59169.4995482726 60105.0358609955 61042.6162194091 61982.1478650796
0 0 0 0 0 0 0 0 0 0 0 0 0 0 0 0 0 0 0 0 0 0 0 0 0 0 0 0 0 0 0 34324.5610419849 35096.4549460977 35879.6155057713 36673.3209281694 37476.9012454209 38289.734734228 39111.2444838574 39940.8951343681 40778.1897978945 41622.6671688832 42473.8988239854 43331.4867084972 44195.0608035241 45064.2769661925 45938.8149340427 46818.3764840554 47702.6837364657 48591.4775935018 49484.5163033682 50381.5741401242 51282.4401905306 52186.9172394181 53094.820745647 54005.9779012556 54920.2267669156 55837.4154773298 56757.401510697 57680.0510168376 58605.2381990169 59532.844744914 60462.7593025703 61394.8769975075 62329.0989875322
0 0 0 0 0 0 0 0 0 0 0 0 0 0 0 0 0 0 0 0 0 0 0 0 0 0 0 0 0 0 34230.3923187484 34975.7832986475 35733.6126974655 36503.1058332163 37283.5405310374 38074.2439660727 38874.5895495573 39683.9938981079 40501.9139148212 41327.8440016184 42161.3134150328 43001.8837719831 43849.1467077487 44702.7216851076 45562.2539512117 46427.412637075 47297.8889933975 48173.3947557183 49053.6606314839 49938.4349014595 50827.4821279377 51720.5819623518 52617.5280451569 53518.126991155 54422.1974537955 55329.5692623612 56240.0826263347 57153.5874016275 58069.9424137306 58989.0148332086 59910.6795993088 60834.8188877846 61761.3216193442 62690.0830054211
0 0 0 0 0 0 0 0 0 0 0 0 0 0 0 0 0 0 0 0 0 0 0 0 0 0 0 0 0 34194.5028603415 34912.0277973713 35643.1668624289 36387.0994040672 37143.0567145461 37910.3194547145 38688.2150042752 39476.1147945887 40273.4316682111 41079.6172985166 41894.1596938178 42716.5808031217 43546.4342348274 44383.3030950454 45226.7979486188 46076.5549031577 46932.2338143224 47793.5166090627 48660.1057224424 49531.7226429466 50408.1065607141 51289.0131128961 52174.2132202619 53063.4920092135 53956.6478135029 54853.4912501375 55753.8443641999 56657.539837571 57564.4202568259 58474.3374358615 59387.1517890992 60302.7317513894 61220.953241015 62141.6991624551 63064.8589458154
0 0 0 0 0 0 0 0 0 0 0 0 0 0 0 0 0 0 0 0 0 0 0 0 0 0 0 33544.3383356695 34217.0760503639 34905.5003186447 35608.7013460674 36325.8209901985 37056.0511883075 37798.6321012942 38552.8500605014 39318.0353889411 40093.5601550242 40878.8359051853 41673.3114117607 42476.4704640123 43287.8297231292 44106.9366562352 44933.3675597063 45766.7256783155 46606.6394237206 47452.7606934647 48304.7632898635 49162.3414367976 50025.2083914379 50893.095147233 51765.7492240171 52642.933540812 53524.4253667507 54410.0153455169 55299.5065887383 56192.7138338809 57089.4626623421 57989.5887736193 58892.9373116335 59799.3622394964 60708.725759227 61620.8977731382 62535.7553838288 63453.1824299191
0 0 0 0 0 0 0 0 0 0 0 0 0 0 0 0 0 0 0 0 0 0 0 0 0 0 0 34297.9964576193 34956.2329215461 35630.3785992221 36319.5476043194 37022.9009835932 37739.6456832793 38469.0332001986 39210.3579990862 39962.955764996 40726.2015480642 41499.5078475886 42282.322673318 43074.1276140226 43874.435936746 44682.7907345339 45498.7631357674 46321.9505843956 47151.975197246 47988.4822020891 48831.1384581472 49679.6310591903 50533.6660181684 51392.9670314364 52257.2743199722 53126.3435445293 53999.9447913594 54877.8616249612 55759.8902042221 56645.8384583142 57535.525318745 58428.7800040568 59325.4413537817 60225.3572084011 61128.3838322103 62034.3853761488 62943.2333778228 63854.8062961089
0 0 0 0 0 0 0 0 0 0 0 0 0 0 0 0 0 0 0 0 0 0 0 0 0 33827.6686976626 34436.8527681805 35063.9770652997 35708.0963745533 36368.3077108752 37043.7506849863 37733.6073529943 38437.1016457857 39153.4984642111 39882.1025153577 40622.2569548274 41373.3418901899 42134.7727918529 42905.9988495733 43686.5013057593 44475.791790553 45273.4106784009 46078.9254813268 46891.9292903607 47712.0392734445 48538.8952355657 49372.1582447815 50211.5093261123 51056.648223956 51907.2922326267 52763.1750938268 53624.0459592555 54489.6684161215 55359.8195730205 56234.289203438 57112.8789440213 57995.4015447169 58881.6801678711 59771.5477334324 60664.8463074663 61561.4265312868 62461.1470886146 63363.8742082905 64269.4812001979
0 0 0 0 0 0 0 0 0 0 28559.6955563259 28761.81269198 28997.0261990271 29264.5380528308 0 0 0 0 0 0 0 0 32964.8922184233 33500.2951931887 34056.6504091243 34632.9481296037 35228.2096508798 35841.4901233872 36471.8805838605 37118.5092963323 37780.5424979635 38457.1846408307 39147.678214135 39851.3032235583 40567.3763962436 41295.2501715757 42034.3115298864 42783.9807036473 43543.7098087495 44312.981427197 45091.3071669654 45878.2262198981 46673.3039342906 47476.1304152011 48286.3191624678 49103.5057538484 49927.346578571 50757.5176248333 51593.7133233671 52435.6454480376 53283.0420735418 54135.6465895564 54993.2167701424 55855.5238968035 56722.3519332979 57593.4967500969 58468.7653962519 59347.9754163566 60230.9542102646 61117.5384332313 62007.5734341865 62900.9127299004 63797.4175128827 64696.9561909336
0 0 0 0 0 0 0 0 29250.8943244814 29380.2736175227 29542.9540990575 29738.3892629971 29965.9382468839 30224.8757495309 30514.4027163093 0 0 0 0 0 32842.6967145547 33320.0898339537 33820.320010332 34342.3893266002 34885.3173085512 35448.1455477832 36029.9414631129 36629.8012674634 37246.8522153535 37880.2542099562 38529.2008490888 39192.9199872623 39870.6738867863 40561.7590255278 41265.5056227778 41981.2769382022 42708.4683923522 43446.5065509192 44194.8480089884 44952.9782060778 45720.4101977949 46496.6834055198 47281.362361629 48074.0354643771 48874.3137536345 49681.8297161772 50496.2361271189 51317.2049323057 52144.4261750265 52977.6069691837 53816.470520091 54660.7551932677 55510.2136309784 56364.6119157702 57223.7287798856 58087.3548591466 58955.2919897014 59827.3525458838 60703.3588173503 61583.142423609 62466.5437640424 63353.4115015407 64243.6020778884 65136.9792591013
0 0 0 0 0 0 0 0 30244.7474020032 30369.8930598957 30527.3002987166 30716.4731469376 30936.8288879947 31187.706563702 31468.3761856582 31778.0483796696 0 0 0 0 33730.885759393 34195.8815235364 34683.482700419 35192.7496977542 35722.7559175843 36272.5922620072 36841.37088199 37428.2282177885 38032.3273884387 38652.8599930187 39289.0473885334 39940.1415089749 40605.4252879521 41284.2127437836 41975.8487815613 42679.7087617878 43395.1978800598 44121.7503971461 44858.8287538427 45605.922600306 46362.5477652342 47128.2451863226 47902.5798198872 48685.1395444152 49475.5340700604 50273.3938637151 51078.3690972484 51890.1286247516 52708.3589931596 53532.7634893838 54363.0612260644 55198.9862672073 56040.2867942863 56886.7243128341 57738.0728991097 58594.1184860855 59454.6581877311 60319.499660379 61188.4604998114 62061.367672615 62938.0569802884 63818.3725545594 64702.1663823636 65589.2978589464
