Input/ho_distance_noBay_id_4.asc
NCOLS 174 
NROWS 185 
XLLCORNER 428292.82952926 
YLLCORNER 6186935.0366855 
CELLSIZE 1000 
NODATA_value -9999 
[rows 116 to 144 of 185, columns 64 to 127 of 174]
0 47230.8933333485 46414.9000227799 45606.2342578641 44805.2927927237 44012.4973308743 43228.296061246 42453.165246154 41687.6108511363 40932.1702030847 40187.4136589159 0 0 0 0 0 35979.7466770396 0 0 34077.8395459498 33479.6177872152 32900.9189269318 32342.790932371 31806.3167366732 31292.610044739 30802.8099768612 30338.0744532203 29899.57224757 29488.4736744068 29105.9399213408 28753.1110971182 28431.0931344847 28140.9437631409 27883.6578471832 27660.1524579548 27471.252120277 27317.6747201211 27200.0185877301 27118.7512660775 27074.2004367609 27066.5474035463 27095.8234310556 27161.909109366 27264.5367744252 27403.2958707981 27577.641009358 27786.902358837 28030.2979248895 28306.9472182463 28615.8857957447 28956.0801721093 29326.4426412776 29725.8456069909 30153.13509586 30607.14320494 31086.6993137937 31590.6399632034 32117.8173658059 32667.106566113 33237.4113080472 33827.6686976626 34436.8527681805 35063.9770652997 35708.0963745533
0 47810.952842368 47005.030270745 46206.6935606972 45416.3427509382 44634.4020675669 43861.321309187 43097.5772642298 42343.6751487725 41600.150049769 0 0 0 0 0 0 0 0 0 34877.343286846 34293.0712215605 33728.3321981022 33184.1234918757 32661.4713536084 32161.4267413792 31685.0600299198 31233.4546305422 30807.699479459 30408.8803850977 30038.0702664752 29696.3183642724 29384.6385625337 29103.997019469 28855.2993671488 28639.3777974714 28456.9784004701 28308.7491553997 28195.2289900589 28116.8383155073 28073.8714095313 28066.4909630225 28094.7250215399 28158.4664549485 28257.474978366 28391.381636185 28559.6955563259 28761.81269198 28997.0261990271 29264.5380528308 29563.4714893921 29892.8838615919 30251.7795281723 30639.1224365135 31053.8481148179 31494.8748496752 31961.1138863342 32451.4785474213 32964.8922184233 33500.2951931887 34056.6504091243 34632.9481296037 35228.2096508798 35841.4901233872 36471.8805838605
0 0 47608.8520905793 46820.8122146677 46041.0047186168 45269.8550313364 44507.8131749554 43755.355017132 0 0 0 0 0 0 0 0 0 0 0 35686.9584214948 35116.159534266 34564.8711771726 34034.0414666413 33524.6422443488 33037.6648186596 32574.1148111291 32135.0060648374 31721.3535941589 31334.1655849359 30974.4344897966 30643.1273048496 30341.1751598342 30069.4624018831 29828.8154004945 29619.9913446189 29443.6673380511 29300.4301226508 29190.7667667511 29115.0566458213 29073.5650127036 29066.438405942 29093.7020790573 29155.2595550693 29250.8943244814 29380.2736175227 29542.9540990575 29738.3892629971 29965.9382468839 30224.8757495309 30514.4027163093 30833.6574572596 31181.7268805007 31557.657554208 31960.4663509027 32389.1504739736 32842.6967145547 33320.0898339537 33820.320010332 34342.3893266002 34885.3173085512 35448.1455477832 36029.9414631129 36629.8012674634 37246.8522153535
0 0 0 47448.0598451631 46678.7322249512 0 0 0 0 0 0 0 0 0 0 0 0 0 0 36506.0122172567 35948.2209165491 35409.8891006953 34891.9174764308 34395.2258931465 33920.7491559237 33469.4320590837 33042.2236148861 32640.0704728813 32263.90955128 31914.6599322584 31593.2141076247 31300.4286984817 31037.1148106144 30804.0282240128 30601.8596474838 30431.2252947991 30292.6580544088 30186.5995279339 30113.3932016699 30073.2789894434 30066.3893448385 30092.7470878606 30152.265028559 30244.7474020032 30369.8930598957 30527.3002987166 30716.4731469376 30936.8288879947 31187.706563702 31468.3761856582 31778.0483796696 32115.8841989309 32481.0048634223 32872.5012129619 33289.4426966674 33730.885759393 34195.8815235364 34683.482700419 35192.7496977542 35722.7559175843 36272.5922620072 36841.37088199 37428.2282177885 38032.3273884387
0 0 0 0 0 0 0 0 0 0 0 0 0 0 0 0 0 0 0 37333.8834657674 36788.6465325108 36262.7932287701 35757.1787451283 35272.6734295769 34810.1587173644 34370.5223845466 33954.6531133089 33563.4343758749 33197.7376663257 32858.4151355585 32546.2917131771 32262.1568302204 32006.7558867852 31780.7816369387 31584.8656877514 31419.570327613 31285.3809091457 31182.6990122545 31111.8366019652 31073.0113733108 31066.3434421307 31091.853497708 31149.4624830262 31238.9928141094 31360.1710948537 31512.6322314881 31695.9248045477 31909.5175186661 32152.8065234216 32425.12338282 32725.7434667208 33053.8945437318 33408.7653702836 33789.5140927652 34195.2763065851 34625.1726456666 35078.3158062177 35553.8169379781 36050.7913632666 36568.3636081286 37105.6717502166 37661.8711045182 38236.1372807435 38827.6686553594
0 0 0 0 0 0 0 0 0 0 0 0 0 0 0 0 0 0 0 38169.9984446489 37636.8760701923 37123.0400072723 36629.3019103566 36156.4851375044 35705.4208287355 35276.943399558 34871.8854476516 34491.0720873193 34135.3147457465 33805.4044769427 33502.1048728019 33226.1446750407 32978.2102156145 32758.9378350974 32568.906446829 32408.6304277243 32278.5530230111 32179.0404505457 32110.3768800115 32072.760443013 32066.3004023448 32091.0155737075 32146.8340526786 32233.5942561325 32351.0472431342 32498.860238261 32676.6212427867 32883.844588233 33119.9772639049 33384.4058359603 33676.4637703934 33995.4389755029 34340.58138989 34711.1104583846 35106.2223589024 35525.0968664579 35966.9037648467 36430.8087405188 36915.9787158187 37421.5865992518 37946.8154482536 38490.8620548091 39052.9399761511 39632.2820417823
0 0 0 0 0 0 0 0 0 0 0 0 0 0 0 0 0 0 39553.6730131978 39013.8271372278 38492.3936246113 37990.1306395561 37507.8083213223 37046.2055294139 36606.1060915539 36188.2945473342 35793.5513927179 35422.6478451521 35076.340165704 34755.3635929578 34460.4259627942 34192.2011077927 33951.3221488392 33738.3748084103 33553.8908887076 33398.342067082 33272.1341649185 33175.6020434725 33109.0052705511 33072.5246853623 33066.2599657478 33090.2282733277 33144.3640192335 33228.5197578523 33342.4681803327 33485.9051455238 33658.4536554123 33859.6686565604 34089.0425296836 34346.0111170002 34629.960131476 34940.2317932514 35276.131545631 35636.9347150282 36021.8929949788 36430.2406525159 36861.2003746316 37313.9886921414 37787.8209371191 38281.915707476 38795.4988277354 39327.8068083047 39878.0898164626 40445.6141808773
0 0 0 0 0 0 0 0 0 0 0 0 0 0 0 0 0 0 40393.353109936 39864.8797128813 39354.7239042661 38863.6070461754 38392.2597888957 37941.4189344122 37511.8238668169 37104.2125488955 36719.3170951222 36357.8589439843 36020.5436667629 35708.0554652266 35421.0514266053 35160.1556200301 34925.9531334974 34718.9841634483 34539.7382792675 34388.6489914742 34266.0887542967 34172.3645300681 34107.7140341357 34072.3027647516 34066.2219031025 34089.487145012 34142.0384990184 34223.7410568596 34334.3867134029 34473.6967852886 34641.3254524497 34836.8639254606 35059.8452252656 35309.7494507976 35586.0094044924 35888.0164455371 36215.1264453634 36566.6657286685 36941.9368952238 37340.224431961 37760.8000403559 38202.9276200956 38665.8678656613 39148.8824471823 39651.2377602745 40172.2082412747 40711.0792541645 41267.1495635133
0 0 0 0 0 0 0 0 0 0 0 0 0 0 0 0 42327.0786137661 41775.1988988018 41240.1855244733 40722.703264291 40223.4287475597 39743.0481879351 39282.2547510585 38841.7455501883 38422.2182655309 38024.3673912219 37648.8801235991 37296.4319153945 36967.6817325373 36663.2670630523 36383.7987405825 36129.8556578038 35901.979456741 35700.6692930367 35526.3767788005 35379.501213101 35260.3852098405 35169.3108292565 35106.4963114147 35072.0934978495 35066.1860113189 35088.788244095 35139.8451831743 35219.2330773397 35326.7609272984 35462.1727573624 35625.1506064401 35815.3181584369 36032.2449182476 36275.4508298256 36544.4112275135 36838.5620108079 37157.3049356739 37500.0129218802 37866.0352849318 38254.7028123108 38665.33261614 39097.232707383 39549.7062496522 40022.0554631106 40513.5851604227 41023.6059069573 41551.436806299 42096.4079195171
0 0 0 0 0 0 0 0 0 0 0 0 0 0 0 0 43159.1416805864 42618.0380785349 42093.7385928356 41586.8787934427 41098.1039324081 40628.0667260643 40177.4248173779 39746.8379121481 39336.96458896 38948.4587901962 38581.9660099137 38238.1192038606 37917.5344571239 37620.8064555466 37348.5038177464 37101.1643548115 36879.2903340243 36683.3438306785 36513.7422576527 36370.8541653453 36254.9954044313 36166.4257403722 36105.3460015602 36071.8958325023 36066.1521098303 36088.1280626737 36137.7731207452 36214.9734941913 36319.5534697702 36451.2773891673 36609.8522581086 36794.9309201561 37006.1157172376 37242.9625504752 37504.985249892 37791.6601600557 38102.4308504281 38436.7128637476 38793.8984226734 39173.3610236244 39574.4598566517 39996.5440007541 40438.9563547673 40901.0372743932 41382.1278957453 41881.5731347133 42398.7243593113 42932.9417388953
0 0 0 0 0 0 0 0 0 0 0 0 0 0 0 0 0 0 0 42457.0184352304 41978.3762604989 41518.3059929778 41077.4316576031 40656.3777363844 40255.7661671231 39876.2130694555 39518.325215261 39182.6962686038 38869.9028290035 38580.5003206891 38315.0187792361 38073.9585952359 37857.786281956 37666.9303398721 37501.7772950469 37362.6679901987 37249.8942066194 37163.6956916674 37104.2576602925 37071.7088300485 37066.1200375547 37087.5034708045 37135.8125366264 37210.9423666477 37312.7309490004 37440.9608574755 37595.361535561 37775.6120803893 37981.3444615455 38212.1471022644 38467.56874594 38747.1225290619 39050.290182541 39376.5262865984 39725.2625096134 40095.9117681119 40487.8722529937 40900.5312756846 41333.2688967589 41785.4613083342 42256.4839499078 42745.7143450351 43252.5346531953 43776.3339372357
0 0 0 0 0 0 0 0 0 0 0 0 0 0 0 0 0 0 0 0 42863.9008968737 42413.4372475933 41981.9642014765 41570.0730967913 41178.3515494622 40807.3804034223 40457.7304658595 40129.9590518936 39824.6063704988 39542.1917908415 39283.2100353601 39048.1273525471 38837.3777281533 38651.3591980641 38490.4303290609 38354.9069347693 38245.059093082 38161.1085280794 38103.226413919 38071.5316504195 38066.089650336 38086.9116669485 38133.9546780091 38207.1218288289 38306.2634239036 38431.1784435504 38581.6165500946 38757.2805376881 38957.8291712407 39182.8803534668 39432.0145548337 39704.7784392652 40000.6886186933 40319.2354717717 40659.8869659852 41022.0924276812 41405.2862108661 41808.8912225887 42232.3222700431 42674.989201865 43136.2998232094 43615.662570874 44112.4889408301 44626.1956659245
0 0 0 0 0 0 0 0 0 0 0 0 0 0 0 0 0 0 0 0 0 0 42890.7361191558 42487.6559002915 42104.4720066657 41741.7323792223 41399.9744091362 41079.7217631236 40781.4810814195 40505.7385842141 40252.9566281933 40023.5702601571 39817.9838192274 39636.5676426046 39479.654931943 39347.5388379478 39240.4698195923 39158.653331299 39102.2478865266 39071.3635395272 39066.0608187774 39086.3501360121 39132.1916842573 39203.4958271833 39300.1239709304 39421.8898987481 39568.5615387713 39739.8631264132 39935.4777154922 40155.0499865595 40398.1892970665 40664.4729160496 40953.4493858412 41264.641954792 41597.5520279222 41951.6625865318 42326.4415328378 42721.3449213769 43135.8200449438 43569.3083489777 44021.2481543495 44491.077174253 44978.2348162292 45482.1642651532
0 0 0 0 0 0 0 0 0 0 0 0 0 0 0 0 0 0 0 0 0 0 0 0 0 0 0 42031.8149354112 41740.3776435141 41471.0113800193 41224.1487958237 41000.196377563 40799.5313950694 40622.4989521296 40469.4091898349 40340.5346919549 40236.1081404667 40156.3202665515 40101.318138041 40071.203818539 40066.0334264002 40085.8166136594 40130.5164761488 40200.0498967473 40294.2883143442 40413.0589020185 40556.1461294899 40723.2936773913 40914.2066645997 41128.5541449258 41365.9718260144 41626.0649613813 41908.4113660689 42212.564507338 42538.0566239773 42884.4018310063 43251.0991705614 43637.6355743555 44043.4887080801 44468.1296732536 44911.0255471395 45371.6417462972 45849.4442039689 46343.9013557488
0 0 0 0 0 0 0 0 0 0 0 0 0 0 0 0 0 0 0 0 0 0 0 0 0 0 0 0 42701.1598490272 42437.8924018464 42196.6867250168 41977.9231218951 41781.9541032519 41609.1017416235 41459.6551698551 41333.8682663722 41231.9575683757 41154.1004515814 41100.433611306 41071.0518747194 41066.0073680704 41085.3090558284 41128.9226612059 41196.7709697007 41288.7345094094 41404.6525942075 41544.3247087437 41707.5122078032 41893.9402971668 42103.3002587813 42335.2518799595 42589.4260444789 42865.4274428315 43162.8373594134 43481.2164960192 43820.1077934801 44179.0392164739 44557.526470275 44955.0756223118 45371.1856056936 45805.3505862013 46257.0621784754 46725.8115011591 47211.0910644986
0 0 0 0 0 0 0 0 0 0 0 0 0 0 0 0 0 0 0 0 0 0 0 0 0 0 0 0 0 43406.2741794282 43170.4794645393 42956.6753398902 42765.1916319248 42596.3293532878 42450.3584605866 42327.5157845439 42228.0031679137 42151.9858441788 42099.5910866884 42070.907153577 42065.982548651 42084.8256125879 42127.4044524518 42193.6472109128 42283.4426698855 42396.6411768198 42533.0558758072 42692.4642202 42874.609738767 43079.2040236364 43305.9289055045 43554.4387798435 43824.3630471186 44115.3086302723 44426.8625338623 44758.5944111431 45110.0591079167 45480.7991550089 45870.3471846113 46278.2282493107 46703.9620262972 47147.0648928683 47607.051862837 48083.4383767361
0 0 0 0 0 0 0 0 0 0 0 0 0 0 0 0 0 0 0 0 0 0 0 0 0 0 0 0 0 0 44145.443975876 43936.3844994753 43749.1890432754 43584.1393284618 43441.4877744915 43321.4556440548 43224.231377531 43149.9691452596 43098.787642988 43070.7691521047 43065.9588818409 43084.3646056308 43125.9565984275 43190.6678761509 43278.394732782 43388.9975651087 43522.3019699502 43678.1000940065 43856.1522124385 44056.1885089835 44277.9110279337 44520.9957666732 44785.0948766959 45069.8389410609 45374.8392970344 45699.6903741176 46043.9720196763 46407.251786841 46789.087162134 47189.0277132756 47606.617140717 48041.3952195535 48492.8996214895 48960.6676094023
0 0 0 0 0 0 0 0 0 0 0 0 0 0 0 0 0 0 0 0 0 0 0 0 0 0 0 0 0 0 0 44916.987983554 44733.8961926328 44572.4929483619 44433.0146027736 44315.6681744596 44220.6298553891 44148.0437150487 44098.0206236558 44070.6374129407 44065.9362891725 44083.9245088267 44124.5743226884 44187.823189392 44273.5742545764 44381.6970871328 44512.0286595942 44664.3745556909 44838.5103845965 45034.183378497 45251.1141479037 45488.9985676222 45747.5097654905 46026.3001858956 46325.003700601 46643.2377405258 46980.6054237037 47336.6976566411 47711.0951885908 48103.370600752 48513.0902150318 48939.815909649 49383.1068314748 49842.5209975115
0 0 0 0 0 0 0 0 0 0 0 0 0 0 0 0 0 0 0 0 0 0 0 0 0 0 0 0 0 0 0 0 0 45561.3548334635 45424.9129148234 45310.1354266108 45217.187345481 45146.2035003482 45097.2876074978 45070.511519306 45065.9146991428 45083.5039313598 45123.2532713173 45185.1042363075 45268.9662341045 45374.7172218518 45502.2045841905 45651.2462160679 45821.6317926214 46013.1242060034 46225.4611470303 46458.3568081581 46711.5036834895 46984.5744413118 47277.2238449942 47589.0906989009 47919.7997972313 48268.9638553103 48636.1854047352 49021.0586358791 49423.1711734568 49842.1057731245 50277.441929337 50728.7573868745
0 0 0 0 0 0 0 0 0 0 0 0 0 0 0 0 0 0 0 0 0 0 0 0 0 0 0 0 0 0 0 0 46705.2601088063 46550.6925930192 46417.158895696 46304.8409888946 46213.8935609772 46144.4429712165 46096.5863831843 46070.3910906006 46065.8940464571 46083.1016030598 46121.9894672427 46182.5028714877 46264.5569581455 46368.0373704992 46492.8010411346 46638.6771650853 46805.4683425727 46992.9518739363 47200.881187586 47428.9873805369 47676.9808503187 47944.5529967709 48231.3779724226 48537.114460763 48861.4074626973 49203.8900727803 49564.1852283761 49941.9074166305 50336.664326014 50748.0584311196 51175.6885013465 51619.1510260036
0 0 0 0 0 0 0 0 0 0 0 0 0 0 0 0 0 0 0 0 0 0 0 0 0 0 0 0 0 0 0 47863.614462363 47691.836287359 47540.476517582 47409.730716144 47299.769826457 47210.7390822716 47142.7570656708 47095.9149270016 47070.2757785621 47065.87427137 47082.7163616006 47120.7792703543 47180.011637387 47260.3338663883 47361.638656417 47483.7917112727 47626.6326159855 47789.9758672943 47973.6120430294 48177.3090937384 48400.8137387393 48643.8529480411 48906.1354912568 49187.3535347013 49487.1842683155 49805.2915448221 50141.3275145688 50494.9342407907 50865.7452814789 51253.3872256148 51657.4811731789 52077.6441500175 52513.4904503059
0 0 0 0 0 0 0 0 0 0 0 0 0 0 0 0 0 0 0 0 0 0 0 0 0 0 0 0 0 0 49035.3939208426 48847.2672319622 48678.9602917857 48530.679308534 48402.6083306085 48294.9081401426 48207.7152676138 48141.141141251 48095.2713833737 48070.1652639024 48065.8553191079 48082.3471412943 48119.6193425764 48177.6236932974 48256.2854330033 48355.5037493149 48475.1524175895 48615.0805920041 48775.1137366749 48955.0546837003 49154.6848036137 49373.7652726742 49612.0384207266 49869.2291430113 50145.0463593034 50439.184504066 50751.3250319017 51081.1379234278 51428.2831777493 51792.4122789168 52173.1696250842 52570.1939104882 52983.1194518108 53411.5774519286
0 0 0 0 0 0 0 0 0 0 0 0 0 0 0 0 0 0 0 0 0 0 0 0 0 0 0 0 0 50219.6587457809 50015.995277523 49831.5707424493 49666.5994579682 49521.2758395497 49395.7732992944 49290.2432423883 49204.8141745534 49139.5909324737 49094.6540477613 49070.0592533562 49065.8371393621 49081.9929632541 49118.5066171952 49175.3327529359 49252.4010624912 49349.6167105582 49466.8609125092 49603.9916498264 49760.8445130764 49937.2336609978 50132.952883025 50347.7767516117 50581.4618500558 50833.7480611765 51104.3599021227 51393.0078908037 51699.3899298892 52023.1926950014 52364.0930145818 52721.759229926 53095.8525250025 53486.0282168655 53891.9369987186 54313.2261289308
0 0 0 0 0 0 0 0 0 0 0 0 0 0 0 0 0 0 0 0 0 0 0 0 0 0 0 51652.4223348203 51415.5462103941 51197.1097931484 50997.3500314497 50816.4871797405 50654.7236528564 50512.2429457034 50389.208631058 50285.7634477474 50202.0284907027 50138.1025133565 50094.061351605 50069.9574770829 50065.8196858436 50081.6529267348 50117.4382718475 50173.1330294508 50248.6709978432 50343.9628566128 50458.8966899449 50593.3386348939 50747.133645986 50920.1063661702 51112.0620930188 51322.7878282068 51552.0533976839 51799.6126295957 52065.2045769023 52348.554771772 52649.3764991736 52967.3720776314 53302.2341358106 53653.6468744417 54021.2873040416 54404.8264499054 54803.930516915 55218.2620077939
0 0 0 0 0 0 0 0 0 0 0 0 0 0 0 0 0 0 0 0 0 0 0 0 0 0 0 52622.2639163657 52389.7730357955 52175.4154540305 51979.4155109425 51801.9815829252 51643.3050353697 51503.559236569 51382.898644328 51281.4579760736 51199.351472556 51136.6722643236 51093.4918490346 51069.8596863736 51065.8029158889 51081.326201489 51116.4117046712 51171.0191868402 51245.0862393507 51338.5286382168 51451.2408188134 51583.096464385 51733.9492008156 51903.6333889169 52091.9650044957 52298.7425956698 52523.7483063295 52766.748954291 53027.4971525499 53305.7324621115 53601.1825651331 53913.5644475419 54242.5855808678 54587.9450937319 54949.3349242264 55326.440945296 55718.9440561453 56126.5212336411
0 0 0 0 0 0 0 0 0 0 0 0 0 0 0 0 0 0 0 0 0 0 0 0 0 54102.3222070514 53839.0836405499 53593.2139949886 53364.9533436615 53154.5285411289 52962.1521795348 52788.0215820476 52632.3178437474 52495.2049302007 52376.8288437004 52277.3168666947 52196.7768912921 52135.2968429053 52092.9442051068 52069.7656516225 52065.7867901121 52081.0120210037 52115.4245131942 52168.9862969271 52241.638472654 52333.3015332112 52443.8757952206 52573.2419343058 52721.2616175065 52887.7782252203 53072.617654103 53275.5891916469 53496.4864526227 53735.0883672314 53991.1602106557 54264.4546637226 54554.712894577 54861.6656516028 55185.0343583002 55524.5322014089 55879.865204238 56250.7332779078 56636.8312439957 57037.8498228972
0 0 0 0 0 0 0 0 0 0 60814.5238322788 60332.345951449 59862.9904620864 59406.7612828907 0 0 0 0 0 0 0 0 55941.3462266421 55632.9028247454 55340.812568719 55065.3356915637 54806.7227070104 54565.2133959141 54341.0358016864 54134.4052434188 53945.5233556706 53774.5771640812 53621.7382060135 53487.161705336 53370.985810188 53273.3309021485 53194.2989846499 53133.9731577345 53092.41718537 53069.6751605273 53065.771272096 53080.7096765004 53114.4744756027 53167.029801165 53238.3200048282 53328.2699512651 53436.7854109276 53563.7535476375 53709.0434952119 53872.5070163723 54053.9792363856 54253.2794432385 54470.2119456556 54704.5669799439 54956.1216564787 55224.6409366345 55509.8786310935 55811.5784107317 56129.4748216636 56463.2942965099 56812.7561545188 57177.5735838041 57557.454599642 57952.102973476
0 0 0 0 0 0 0 0 62676.6696423698 62176.7687847904 61689.0284862373 61213.739426981 60751.1938458237 60301.6849909798 59865.5065276314 0 0 0 0 0 57544.7028505753 57209.950928309 56890.8089613607 56587.5410610548 56300.4037498408 56029.6450234481 55775.5034088633 55538.20702517 55317.9726547274 55115.0048325108 54929.4949616889 54761.6204636489 54611.5439706958 54479.4125695364 54365.3571034007 54269.4915402642 54191.9124140985 54132.6983454164 54091.9096465855 54069.5880164893 54065.7563281178 54080.4185116011 54113.5595340802 54165.1454766528 54235.1237074784 54323.423148988 54429.9546360506 54554.6113609202 54697.2693998482 54857.7883154077 55036.0118278624 55231.7685483194 55444.8727659614 55675.1252813334 55922.3142774929 56186.2162207886 56466.5967831224 56763.2117777549 57075.8081010227 57404.1246727383 57747.8933685187 58106.8399378277 58480.6849021012 58869.1444279375
0 0 0 0 0 0 0 0 63541.2845643505 63048.2394928382 62567.2930707794 62098.7264061295 61642.8218069374 61199.8622496845 60770.1308081436 60353.9100431563 0 0 0 0 58485.2353401267 58155.8974812402 57841.9749914112 57543.7201609834 57261.3778128337 56995.1844288849 56745.3672747047 56512.1435286226 56295.7194221565 56096.2893988246 55914.0352986189 55749.1255755077 55601.7145553286 55471.9417413053 55359.931174174 55265.7908535452 55189.6122266349 55131.4697499064 55091.4205284577 55069.5040371882 55065.7419269041 55080.1379175736 55112.6777799577 55163.3294058287 55232.0429659676 55318.751154134 55423.3695142358 55545.7968470167 55685.9156917489 55843.5928776712 56018.6801392679 56211.0147889551 56420.4204403215 56646.7077747786 56889.6753442985 57149.1104028593 57424.7897592732 57716.4806442254 58023.941584606 58346.9232785439 58685.1694649577 59038.4177818929 59406.400608418 59788.8458853854
