Input/ho_distance_noBay_id_8.asc
NCOLS 174 
NROWS 185 
XLLCORNER 428292.82952926 
YLLCORNER 6186935.0366855 
CELLSIZE 1000 
NODATA_value -9999 
[rows 87 to 115 of 185, columns 64 to 127 of 174]
0 0 0 0 0 0 0 0 0 0 0 0 0 0 0 0 0 0 0 0 0 0 0 0 0 0 0 0 0 0 0 0 0 0 0 0 0 0 0 0 0 0 32008.4075576605 32559.5425864034 33131.6989074562 33723.806599387 34334.8334874567 34963.7876905506 35609.719301455 36271.7213237384 36948.9299824157 37640.5245168552 38345.726554109 39063.7991498653 39794.0455731701 40535.8079003991 41288.4654739865 42051.4332723047 42824.1602289364 43606.1275324023 44396.8469311803 45195.8590635157 46002.7318270089 46817.0587991836
0 0 0 0 0 0 0 0 0 0 0 0 0 0 0 0 0 0 0 0 0 0 0 0 0 0 0 0 0 0 0 0 0 0 0 0 0 0 0 0 0 30628.1312186652 31171.5909283805 31737.2610674711 32323.9756082592 32930.6097450663 33556.0831629732 34199.3622206452 34859.4612029133 35535.4427918935 36226.4178946036 36931.5449518833 37650.0288391854 38381.1194554043 39124.110082001 39878.3355817047 40643.1704942611 41418.0270761911 42202.3533223281 42995.630998988 43797.373711898 44607.1250263697 45424.4566525203 46248.9667045137
0 0 0 0 0 0 0 0 0 0 0 0 0 0 0 0 0 0 0 0 0 0 0 0 0 0 0 0 0 0 0 0 0 0 0 0 0 0 0 0 0 29786.1099940354 30344.6536911413 30925.4533789533 31527.2790730874 32148.9499799115 32789.3373502633 33447.3661583075 34122.0157960577 34812.3199606825 35517.3658947768 36236.293121151 36968.2917947326 37712.6007758549 38468.5055121399 39235.3358007301 40012.4634889502 40799.3001595995 41595.2948369358 42399.9317408665 43212.7281097671 44033.2321065258 44861.0208176954 45695.6983518604
0 0 0 0 0 0 0 0 0 0 0 0 0 0 0 0 0 0 0 0 0 0 0 0 0 0 0 0 0 0 0 0 0 0 0 0 0 0 0 0 28403.4613409573 28954.1408991145 29528.425868378 30124.9662791979 30742.466595596 31379.689473286 32035.4580191758 32708.656798421 33398.2318186968 34103.1896994098 34822.5962089626 35555.5743279584 36301.3019718232 37059.0094836332 37827.9769874961 38607.5316748566 39397.0450806095 40195.9303927909 41003.6398286861 41819.6621012071 42643.519992112 43474.7680428105 44312.9903689053 45157.7986010525
0 0 0 0 0 0 0 0 0 0 0 0 0 0 0 0 0 0 0 0 0 0 0 0 0 0 0 0 0 0 0 0 0 0 0 0 0 0 26508.7763704629 27024.0797015871 27566.0396643452 28133.1157505665 28723.820443898 29336.7264695946 29970.4717849141 30623.7626373516 31295.3750117709 31984.154767414 32689.0167371919 33408.9430288199 34142.9807334019 34890.2392141409 35649.8871173317 36421.1492204325 37203.303208123 37995.6764468545 38797.6428112917 39608.6196019388 40428.0645817929 41255.4731507001 42090.3756688706 42932.3349353978 43780.9438233542 44635.8230698417
0 0 0 0 0 0 0 0 0 0 0 0 0 0 0 0 0 0 0 0 0 0 0 0 0 0 0 0 0 0 0 0 0 0 0 0 0 0 25648.4921835224 26180.7335715929 26739.7918728858 27324.0210888473 27931.8418211598 28561.7479608796 29212.3108575705 29882.1813912213 30570.0903458981 31274.8474467086 31995.3393773751 32730.5270494065 33479.4423488572 34241.1845450617 35014.9165086466 35799.8608540035 36595.2960942323 37400.5528740292 38215.0103276392 39038.0925942866 39869.265511903 40708.0335009828 41553.9366435438 42406.547957057 43265.4708594821 44130.3368189187
0 0 0 0 0 0 0 0 0 0 0 0 0 0 0 0 0 0 0 0 0 0 0 0 0 0 0 0 0 0 0 0 0 0 0 0 0 24277.3437356456 24798.6910524973 25348.781765121 25925.7863146762 26527.9485654804 27153.5948660816 27801.1397825667 28469.0890663599 29156.0403917756 29860.6823496278 30581.7921228284 31318.2322058959 32068.9464678984 32832.955800833 33609.3535444818 34397.3008350436 35196.0219882164 36004.7999974105 36822.9722036673 37649.9261748356 38485.0958168106 39327.9577284101 40178.0278030932 41034.8580746255 41898.0337994896 42767.1707659239 43641.9128176139
0 0 0 0 0 0 0 0 0 0 0 0 0 0 0 0 0 0 0 0 0 0 0 0 0 0 0 0 0 0 0 0 0 0 0 0 0 23420.4898643835 23960.4884037494 24529.3836776371 25125.212887919 25746.1061467899 26390.2944428495 27056.1139086679 27742.0071173182 28446.5220713509 29168.3094644577 29906.1187062596 30658.7931127664 31425.264584247 32204.5480211794 32995.735668522 33797.991528573 34610.5459422993 35432.6904070596 36263.7726738553 37103.1921483795 37950.3956060815 38804.8732212413 39666.1549028278 40533.8069250059 41407.4288370115 42286.6506352855 43171.1301798924
0 0 0 0 0 0 0 0 0 0 0 0 0 0 0 0 0 0 0 0 0 0 0 0 0 0 0 0 0 0 0 0 0 0 0 0 0 0 0 23723.8401240973 24339.3970609843 24979.830030462 25643.2752863064 26327.9932100381 27032.3673681446 27754.9012713944 28494.2135115776 29249.0318250347 30018.1865168503 30800.6035788088 31595.2977494666 32401.3656955378 33217.9794387692 34044.3801096893 34879.8720770523 35723.8174775604 36575.6311528396 37434.775988205 38300.7586392961 39173.1256271967 40051.4597794219 40935.3769925375 41824.5232917208 42718.5721629154
0 0 0 0 0 0 0 0 0 0 0 0 0 0 0 0 0 0 0 0 0 0 0 0 0 0 0 0 0 0 0 0 0 0 0 0 0 0 0 22933.6110733292 23569.8149318413 24230.5970826096 24914.001967534 25618.2191632598 26341.5795303799 27082.5492008018 27839.7221658617 28611.8120595479 29397.6435856585 30196.1439168635 31006.3342965022 31827.3219980094 32658.2927389582 33498.503603624 34347.2764966967 35203.992128721 36068.0845188315 36939.0359906169 37816.3726311053 38699.6601798147 39588.5003137483 40482.5272945029 41381.4049448384 42284.8239238052
0 0 0 0 0 0 0 0 0 0 0 0 0 0 0 0 0 0 0 0 0 0 0 0 0 0 0 0 0 0 0 0 0 0 0 0 0 0 21528.9290126845 22160.3349137988 22818.109092347 23500.0374810078 24204.0785957096 24928.358945703 25671.1655127758 26430.9363784723 27206.2503278451 27995.8160438286 28798.4613307449 29613.122666766 30438.8352788908 31274.7238547996 32119.9939485127 32973.9240963373 33835.8586320715 34705.2011725627 35581.4087338679 36463.9864324389 37352.482723423 38246.4851282066 39145.6164049137 40049.5311180939 40957.9125668984 41870.4700343358
0 0 0 0 0 0 0 0 0 0 0 0 0 0 0 0 0 0 0 0 0 0 0 0 0 0 0 0 0 0 0 0 0 0 0 0 0 0 20751.4990075948 21405.8489698664 22086.1048892567 22789.9470872086 23515.2577552594 24260.1114250287 25022.7629452331 25801.6341434385 26595.3000270794 27402.4751179321 28222.0003126534 29052.8305110867 29894.0231445092 30744.7276589494 31604.1759563747 32471.6737625274 33346.5928694152 34228.3641890326 35116.471549909 36010.4461673844 36909.8617205837 37814.3299727911 38723.496876569 39637.0391100063 40554.6609955834 41476.0917580865
0 0 0 0 0 0 0 0 0 0 0 0 0 0 0 0 0 0 0 0 0 0 0 0 0 0 0 0 0 0 0 0 0 0 0 0 0 19343.4479509907 19993.865001325 20672.210736874 21375.8264356784 22102.2988593216 22849.4480004504 23615.3114098419 24398.1268142111 25196.3142364285 26008.4584348894 26833.2921800119 27669.6806681322 28516.6072199154 29373.1603065358 30238.5218794168 31111.9569379763 31992.804246721 32880.4681023177 33774.4110486926 34674.1474407745 35579.2377630984 36489.2836167225 37403.9232958273 38322.8278833732 39245.6978029079 40172.259770838 41102.2641000981
0 0 0 0 0 0 0 0 0 0 0 0 0 0 0 0 0 0 0 0 0 0 0 0 0 0 0 0 0 0 0 0 0 0 0 0 0 18582.2201381236 19258.363490188 19961.7189484956 20689.5114112742 21439.2523539364 22208.7190210126 22995.9313708492 23799.1285275602 24616.7458801899 25447.3935165936 26289.8363602151 27142.9761615304 28005.8353555813 28877.5427109449 29757.3206468756 30644.474071837 31538.3805893392 32438.4819197281 33344.2763951334 34255.3123963798 35171.1826134989 36091.5190244275 37015.9884988788 37944.2889458697 38876.1459338007 39811.3097212926 40749.5526451912
0 0 0 0 0 0 0 0 0 0 0 0 0 0 0 0 0 0 0 0 0 0 0 0 0 0 0 0 0 0 0 0 0 0 0 16530.5025263495 17170.9980150301 17844.5742983879 18547.6276366873 19276.9331068956 20029.6232881761 20803.1600514145 21595.3033593716 22404.0796785275 23227.7516195676 24064.7897218913 24913.8468209421 25773.7351285352 26643.4059672259 27521.9319923752 28408.4916820913 29302.3558559712 30202.8759850529 31109.4740686339 32021.6338728293 32938.8933472885 33860.8380581841 34787.0954961907 35717.3301370582 36651.2391492856 37588.5486582902 38529.0104894373 39472.399323498 40418.510207728
0 0 0 0 0 0 0 0 0 0 0 0 0 0 0 0 0 0 0 0 0 0 0 0 0 0 0 0 0 0 0 0 0 0 0 15760.3121924233 16430.8581474361 17133.5565052818 17864.6135580428 18620.6894780168 19398.8591338575 20196.5688856738 21011.5933192199 21841.994251231 22686.0832214229 23542.3879627332 24409.6228984875 25286.6634632742 26172.5239165696 27066.3382677068 27967.3439260944 28874.8677111942 29788.313889804 30707.1539458805 31630.9178259899 32559.1864390535 33491.5852212398 34427.7786052206 35367.4652576151 36310.3739695301 37256.2601030437 38204.9025116433 39156.1008654167 40109.6733225441
0 0 0 0 0 0 0 0 0 0 0 0 0 0 0 0 0 0 0 0 0 0 0 0 0 0 0 0 0 0 0 0 0 13723.9225046852 14350.320831714 15017.2356654494 15719.5110003513 16452.6194008336 17212.6216541004 17996.1107816585 18800.1505931268 19622.2149968541 20460.1314864124 21312.0303936487 22176.3003803233 23051.5500046493 23936.5748735145 24830.3297548358 25731.9049973453 26640.5066365286 27555.4396246811 28476.0936922178 29401.9314166006 30332.478139529 31267.3134302186 32206.0638421097 33148.3967524912 34094.0151099733 35042.6529443421 35994.0715179059 36948.0560178022 37904.4127055567 38862.9664540895 39823.5586138432
0 0 0 0 0 0 0 0 0 0 0 0 0 0 0 0 0 0 0 0 0 0 0 0 0 0 0 0 0 0 0 11760.3000568252 12324.3789492649 12941.2509265374 13603.7360530894 14305.4987211437 15041.0422750275 15805.6512607891 16595.3086996357 17406.6059269096 18236.6550922379 19083.0094065838 19943.5931333921 20816.6415669965 21700.6503401932 22594.3330117498 23496.5857797333 24406.4582101313 25323.1289816524 26245.8857819645 27174.1086245427 28107.255977718 29044.8532042337 29986.4829000336 30931.7767962419 31880.4089501852 32832.0900018498 33786.5623132642 34743.5958416311 35702.9846240497 36664.5437735648 37628.106904044 38593.5239158163 39560.6590857535
0 0 0 0 0 0 0 0 0 0 0 0 0 0 0 0 0 0 0 0 0 0 0 0 0 0 0 0 0 0 10385.0337022584 10928.6130892974 11533.4402115797 12190.4020513108 12891.5306007907 13630.0117494316 14400.0999770197 15196.9910971443 16016.6849711544 16855.8552593372 17711.7338389624 18582.0121257297 19464.7587629358 20358.3519165429 21261.4240307728 22172.8169359431 23091.5454210706 24016.7676632782 24947.7611831283 25883.9032433079 26824.6548191667 27769.5474436651 28718.1723701994 29670.1716095982 30625.2304873208 31583.0714380354 32543.4488110674 33506.1445048082 34470.9642835185 35437.7346580467 36406.3002343364 37376.5214514562 38348.2726451882 39321.4403847088
0 0 0 0 0 0 0 0 0 0 0 0 0 0 0 0 0 0 0 0 0 0 0 0 0 0 0 0 0 0 9538.28347377256 10127.4138201499 10777.2988147811 11477.6229595506 12219.7171759465 12996.4282369674 13801.9131274314 14631.4204722468 15481.0892412066 16347.7760919559 17228.9129724206 18122.3922612265 19026.4752470941 19939.71964163 20860.9222817526 21789.0738101426 22723.3227447564 23662.9468921537 24607.330506973 25555.9459566247 26508.3389294095 27464.1164404567 28422.9370564248 29384.5028879511 30348.5529973099 31314.8579445771 32283.2152541776 33253.4456290786 34225.3897752035 35198.9057262172 36173.86658047 37150.158578937 38127.6794664806 39106.3370894949
0 0 0 0 0 0 0 0 0 0 0 0 0 0 0 0 0 0 0 0 0 0 0 0 0 0 0 0 7677.07367022109 8156.17062085646 8724.03451707076 9364.53081118121 10063.8012883841 10810.4465879353 11595.3186454328 12411.1672919046 13252.2727336168 14114.1202936876 14993.1334524576 15886.4630985542 16791.8244643113 17707.3721341921 18631.6045191305 19563.2907767534 20501.4147090957 21445.1314785628 22393.7340162681 23346.6267852528 24303.3051519419 25263.3390581476 26226.3600109783 27192.0506487459 28160.1363196715 29130.3782433563 30102.5679246726 31076.5225647601 32052.0812705909 33029.1019077886 34007.4584744818 34987.0388994571 35967.7431876208 36949.4818511595 37932.1745768376 38915.7490893623
0 0 0 0 0 0 0 0 0 0 0 0 0 0 0 0 0 0 0 0 0 0 0 0 0 0 0 6362.52526191301 6787.2959834533 7324.82394501884 7952.27671073143 8650.1077416736 9402.66042144891 10197.8273205424 11026.3929332362 11881.3719820836 12757.4550453906 13650.5794123796 14557.6089160343 15476.098875709 16404.1243432633 17340.1543974603 18282.9596506223 19231.5436885551 20185.0918180553 21142.9324068787 22104.5074548239 23069.3499882178 24037.0665418516 25007.323467255 25979.8361437181 26954.3604100146 27930.6857089382 28908.6295633329 29888.0330950119 30868.7573664222 31850.6803758658 32833.6945753 33817.7048086147 34802.6265902607 35788.3846609433 36774.9117700935 37762.1476449193 38750.0381137258
0 0 0 0 0 0 0 0 0 0 0 0 0 0 0 0 0 0 0 0 0 0 0 0 0 0 5101.56792358589 5441.65915300477 5932.73237185032 6540.8693959229 7236.61740822609 7997.14265044466 8805.6771250189 9650.16107060402 10521.9422041333 11414.7679260527 12324.0653140172 13246.4427271129 14179.3477981606 15120.8320882061 16069.3877325255 17023.8327399197 17983.2294156328 18946.8255724753 19914.01160822 20884.2887690925 21857.2453993947 22832.5389632402 23809.8822879577 24789.0329304094 25769.7848784859 26751.9620166814 27735.4129372628 28720.0067872381 29705.6299195544 30692.1831738318 31679.5796536912 32667.742898662 33656.6053717781 34646.1072013888 35636.1951289506 36626.8216246942 37617.9441408709 38609.5244783487
0 0 0 0 0 0 0 0 0 0 0 0 0 0 0 0 0 0 0 0 0 0 0 0 0 3945.91723803729 4141.97077584571 4554.29258683278 5131.00770073483 5823.47826333371 6595.34367126083 7421.87423772193 8286.72892395308 9179.08139835358 10091.6398259213 11019.3853474067 11958.783905279 12907.2914103495 13863.0382892857 14824.6244360092 15790.9831463162 16761.288965523 17734.8940466043 18711.2833847067 19690.0427871887 20670.8355907506 21653.3854876867 22637.4636860423 23622.8791893664 24609.4713525895 25597.1041196547 26585.6615184005 27575.044105667 28565.1661379381 29555.9533012644 30547.3408761719 31539.2722437212 32531.6976612362 33524.5732527739 34517.8601717882 35511.523902779 36505.5336758164 37499.8619732751 38494.4841123141
0 0 0 0 0 0 0 0 0 0 0 0 0 0 0 0 0 0 0 0 0 0 0 0 0 2949.60836017923 3207.15583297091 3724.44728724672 4411.0278455253 5200.27169602893 6052.14712073655 6943.64053141865 7861.28506594691 8796.90070119017 9745.31277102588 10703.1201088113 11668.009218464 12638.3582074841 13612.9995680306 14591.0731715567 15571.9322935929 16555.0818305063 17540.1366435179 18526.7928290841 19514.8074955999 20503.9842627925 21494.1626891433 22485.2104452211 23477.0174388571 24469.4913490845 25462.5541912323 26456.1396465917 27450.1909657926 28444.6593074518 29439.5024104607 30434.6835244601 31430.1705418943 32425.9352887636 33421.952941287 34418.2015431969 35414.6616040114 36411.3157628939 37408.1485059563 38405.145927365
0 0 0 0 0 0 0 0 0 0 0 0 0 0 0 0 0 0 6980.72365144173 6026.28921943828 5089.38314679079 0 0 0 2060.20801108008 1957.06824291812 2327.18180767183 3000.23902789075 3819.30534037264 4708.79521125299 5635.46017642208 6583.62137873673 7545.17922365528 8515.5967832912 9492.15716442367 10473.1421594782 11457.4153172153 12444.196430854 13432.9328096362 14423.2223489316 15414.7657129533 16407.3355863699 17400.7563083413 18394.8900285052 19389.6270778816 20384.8791332654 21380.574275177 22376.6533555597 23373.0672880861 24369.7749992059 25366.7418595775 26363.938469602 27361.3397092957 28358.9239878032 29356.6726453207 30354.5694725364 31352.6003215293 32350.7527884605 33349.0159530773 34347.3801635164 35345.8368574807 36344.3784128187 37342.9980220212 38341.6895862872
0 0 0 0 0 0 0 0 0 0 0 0 0 11744.4512019165 0 0 8757.23193764771 7763.68277741158 6772.03287992589 5783.25932198422 4799.14028174188 3823.27170135182 0 0 1172.34110988139 979.817705717773 1595.52555446729 2476.15848714864 3423.01327955332 4393.48141802358 5374.78725430491 6361.9177209045 7352.52719451474 8345.37687612722 9339.7523662632 10335.2132692867 11331.4735308414 12328.3393625694 13325.6748608541 14323.3819175403 15321.3879467312 16319.6380987067 17318.0901583079 18316.7111073413 19315.4747507878 20314.3600417744 21313.3498766703 22312.4302133112 23311.589415619 24310.817759609 25310.1070562619 26309.4503602405 27308.8417424921 28308.2761109715 29307.7490680114 30307.2567958903 31306.795964304 32306.3636549996 33305.9572999727 34305.5746304609 35305.2136345985 36304.8725220619 37304.5496943963 38304.2437199875
0 0 0 0 0 0 0 0 0 0 14707.3139453687 13707.3244123773 12707.3365267737 11707.3507106944 10707.3675439725 9707.38784535966 8707.41280971314 7707.44425197332 6707.48506936815 5707.54018946138 4707.61872636654 3707.73962561519 2707.94981302777 1708.40605489364 710.148088019215 299.948938050215 1294.46066914277 2293.74965558094 3293.4702884644 4293.32104547492 5293.22818873681 6293.16484104445 7293.11886472983 8293.0839760368 9293.05659576645 10293.0345355798 11293.0163822231 12293.0011822857 13292.9882692418 14292.9771630937 15292.9675093894 16292.9590406948 17292.951551435 18292.9448809862 19292.9389020263 20292.9335123298 21292.9286288749 22292.9241835359 23292.9201198862 24292.9163907901 25292.9129565663 26292.9097835702 27292.906843088 28292.9041104656 29292.9015644152 30292.8991864602 31292.8969604855 32292.8948723722 33292.8929096977 34292.8910614885 35292.8893180148 36292.8876706189 37292.886111572 38292.8846339526
0 0 22732.1300728391 21733.2785540285 20734.5377514309 19735.9244735086 18737.4591095633 17739.1666360366 16741.0779820057 15743.2319127336 14745.6776757338 13748.4787949487 0 0 0 9765.41373466766 8772.05588603697 7780.39995927433 6791.19154381587 5805.68184137886 4826.13724440534 3857.10510102544 2909.10962647965 2012.10781952575 1278.37276876377 1104.48901960901 1674.97912015552 2528.08506808554 3460.76193489197 4422.95514656404 5398.9064899327 6382.30760348931 7370.17702664445 8360.93107629753 9353.65316446563 10347.7768906968 11342.9337315422 12338.8737207526 13335.4213939867 14332.4499934142 15329.8656834376 16327.5975247664 17325.5908987047 18323.8030727193 19322.2001362764 20320.7548374769 21319.4450261577 22318.252514072 23317.1622274324 24316.1615679556 25315.2399249432 26314.3882983428 27313.5990044241 28312.8654436989 29312.1819162532 30311.5434735686 31310.9457986909 32310.3851086161 33309.8580742338 34309.3617542519 35308.893540334 36308.4511112931 37308.0323946423 38307.6355341621
