Input/ho_distance_noBay_id_2.asc
NCOLS 174 
NROWS 185 
XLLCORNER 428292.82952926 
YLLCORNER 6186935.0366855 
CELLSIZE 1000 
NODATA_value -9999 
[rows 87 to 115 of 185, columns 64 to 127 of 174]
0 0 0 0 0 0 0 0 0 0 0 0 0 0 0 0 0 0 0 0 0 0 0 0 0 0 0 0 0 0 0 0 0 0 0 0 0 0 0 0 0 0 55941.3462266421 55632.9028247454 55340.812568719 55065.3356915637 54806.7227070104 54565.2133959141 54341.0358016864 54134.4052434188 53945.5233556706 53774.5771640812 53621.7382060135 53487.161705336 53370.985810188 53273.3309021485 53194.2989846499 53133.9731577345 53092.41718537 53069.6751605273 53065.771272096 53080.7096765004 53114.4744756027 53167.029801165
0 0 0 0 0 0 0 0 0 0 0 0 0 0 0 0 0 0 0 0 0 0 0 0 0 0 0 0 0 0 0 0 0 0 0 0 0 0 0 0 0 57209.950928309 56890.8089613607 56587.5410610548 56300.4037498408 56029.6450234481 55775.5034088633 55538.20702517 55317.9726547274 55115.0048325108 54929.4949616889 54761.6204636489 54611.5439706958 54479.4125695364 54365.3571034007 54269.4915402642 54191.9124140985 54132.6983454164 54091.9096465855 54069.5880164893 54065.7563281178 54080.4185116011 54113.5595340802 54165.1454766528
0 0 0 0 0 0 0 0 0 0 0 0 0 0 0 0 0 0 0 0 0 0 0 0 0 0 0 0 0 0 0 0 0 0 0 0 0 0 0 0 0 58155.8974812402 57841.9749914112 57543.7201609834 57261.3778128337 56995.1844288849 56745.3672747047 56512.1435286226 56295.7194221565 56096.2893988246 55914.0352986189 55749.1255755077 55601.7145553286 55471.9417413053 55359.931174174 55265.7908535452 55189.6122266349 55131.4697499064 55091.4205284577 55069.5040371882 55065.7419269041 55080.1379175736 55112.6777799577 55163.3294058287
0 0 0 0 0 0 0 0 0 0 0 0 0 0 0 0 0 0 0 0 0 0 0 0 0 0 0 0 0 0 0 0 0 0 0 0 0 0 0 0 59427.7096935344 59103.6237338923 58794.761650474 58501.3645703633 58223.6662848801 57961.8924355615 57716.2597001064 57486.9749841531 57274.2346250665 57078.2236141392 56899.1148437672 56737.068386221 56592.230810609 56464.7345444904 56354.697286369 56262.2214749543 56187.3938206367 56130.2849040858 56090.9488462476 56069.4230533085 56065.7280394129 56079.8673290863 56111.8274404465 56161.577949386
0 0 0 0 0 0 0 0 0 0 0 0 0 0 0 0 0 0 0 0 0 0 0 0 0 0 0 0 0 0 0 0 0 0 0 0 0 0 61054.1668351224 60705.8230072658 60372.0349669282 60053.0454274096 59749.0914086988 59460.4034902519 59187.2050555023 58929.7115328134 58688.1296379355 58462.6566233322 58253.4795399911 58060.7745175233 57884.7060684703 57725.4264227794 57583.0748983609 57457.7773135088 57349.6454467443 57258.7765493274 57185.2529152781 57129.1415132666 57090.4936841622 57069.3449074009 57065.7146386375 57079.6062204087 57111.0068667629 57159.8877220203
0 0 0 0 0 0 0 0 0 0 0 0 0 0 0 0 0 0 0 0 0 0 0 0 0 0 0 0 0 0 0 0 0 0 0 0 0 0 61989.8476733083 61646.7912678225 61318.1256454974 61004.0834021422 60704.8914898465 60420.7705168724 60151.9340413181 59898.5878629004 59660.9293175033 59439.1465793936 59233.4179762164 59043.9113220295 58870.7832737276 58714.1787162243 58574.230181704 58451.0573081254 58344.7663419461 58255.4496897484 58183.1855230815 58128.037440394 58090.0541894253 58069.2694528602 58065.7016994319 58079.3541020036 58110.2145234764 58158.2555706665
0 0 0 0 0 0 0 0 0 0 0 0 0 0 0 0 0 0 0 0 0 0 0 0 0 0 0 0 0 0 0 0 0 0 0 0 0 63279.4238448047 62927.5070314164 62589.5901907616 62265.901256675 61956.6632281349 61662.0935212472 61382.4033130144 61117.7968806147 60868.4709402052 60634.613989512 60416.4056586921 60214.0160741182 60027.6052398618 59857.322441713 59703.305678578 59565.681126033 59444.562636685 59340.0512817884 59252.2349383026 59181.1879252379 59126.970692746 59089.6295669499 59069.1965530079 59065.6891983527 59079.1105174657 59109.448978936 59156.6785549355
0 0 0 0 0 0 0 0 0 0 0 0 0 0 0 0 0 0 0 0 0 0 0 0 0 0 0 0 0 0 0 0 0 0 0 0 0 64213.8256823205 63867.0577670364 63534.1382791683 63215.2860148161 62910.7148663367 62620.6332134389 62345.2433078143 62084.7406547622 61839.3133955059 61609.1416941197 61394.3971331639 61195.2421222693 61011.8293240064 60844.3011014195 60692.7889915987 60557.4132095918 60438.2821868372 60335.492148107 60249.1267307071 60179.2566493748 60125.9394099572 60089.2190745425 60069.1260802659 60065.677113518 60078.8750407656 60108.7088966519 60155.1539294927
0 0 0 0 0 0 0 0 0 0 0 0 0 0 0 0 0 0 0 0 0 0 0 0 0 0 0 0 0 0 0 0 0 0 0 0 0 0 0 64480.3586645226 64166.2084945339 63866.1723576928 63580.4500666757 63309.2354221685 63052.7156338098 62811.0707427966 62584.4730497519 62373.086551602 62177.0663913324 61996.5583245609 61831.6982069003 61682.6115060616 61549.4128425791 61432.2055629192 61331.0813485567 61246.1198643784 61177.3884494943 61124.9418532144 61088.8220185769 61069.0579154115 61065.6654244789 61078.6472737643 61107.9930275201 61153.6791281601
0 0 0 0 0 0 0 0 0 0 0 0 0 0 0 0 0 0 0 0 0 0 0 0 0 0 0 0 0 0 0 0 0 0 0 0 0 0 0 65428.1787927379 65118.6013301345 64822.9735375624 64541.4871017862 64274.3278173219 64021.6750439027 63783.7011664077 63560.571060557 63352.4415678089 63159.4609829846 62981.768558208 62819.4940267605 62672.7571504296 62541.6672938549 62426.3230292619 62326.8117748075 62243.2094695542 62175.5802878374 62123.9763954936 62088.4377500865 62068.9919469044 62065.6541121046 62078.4268439683 62107.3002027977 62152.2517495461
0 0 0 0 0 0 0 0 0 0 0 0 0 0 0 0 0 0 0 0 0 0 0 0 0 0 0 0 0 0 0 0 0 0 0 0 0 0 66696.258123713 66377.5301345529 66072.4009388337 65781.0597731636 65503.6906131177 65240.471664432 64991.5748544077 64757.1653264301 64537.4009406415 64332.4317839116 64142.3996923264 63967.4377894619 63807.6700437118 63663.2108479122 63534.1646244305 63420.6254587793 63322.6767646574 63240.3909831351 63173.8293184632 63123.0415127221 63088.0656612276 63068.9280702778 63065.6431584773 63078.2134024967 63106.6293277453 63150.8695440368
0 0 0 0 0 0 0 0 0 0 0 0 0 0 0 0 0 0 0 0 0 0 0 0 0 0 0 0 0 0 0 0 0 0 0 0 0 0 67642.5958574474 67328.3479181873 67027.5472656653 66740.3757219685 66467.0099415344 66207.6209331415 65962.3735828622 65731.4261806603 65514.9299534245 65313.0286073203 65125.8578824046 64953.5451224772 64796.2088631441 64653.9584410322 64526.8936270238 64415.1042862756 64318.6700676427 64237.6601249516 64172.132872356 64122.1357757665 64087.7051820734 64068.8661875866 64065.6325467984 64078.0066222407 64105.979375862 64149.5304019987
0 0 0 0 0 0 0 0 0 0 0 0 0 0 0 0 0 0 0 0 0 0 0 0 0 0 0 0 0 0 0 0 0 0 0 0 0 68913.4605277114 68590.4563402443 68280.5708823636 67983.9835481858 67700.8691091814 67431.3972656435 67175.7321973907 66934.0321160624 66706.448821479 66493.1272646363 66294.2051199774 66109.8123696336 65940.070902348 65785.094129789 65644.9866229228 65519.8437710457 65409.7514659761 65314.7858137748 65235.0128761986 65170.4884438986 65121.2578431563 65087.3557777035 65068.8062069059 65065.6222613017 65077.8061961904 65105.3493836523 65148.2323430648
0 0 0 0 0 0 0 0 0 0 0 0 0 0 0 0 0 0 0 0 0 0 0 0 0 0 0 0 0 0 0 0 0 0 0 0 0 69858.3922555725 69539.7773047337 69234.141047972 68941.6560992626 68662.4905226101 68396.8074096009 68144.7644568866 67906.5135457791 67682.2003262423 67471.9638076447 67275.9359586965 67094.2413190369 66926.9966249471 66774.3104516565 66636.2828746676 66513.0051524605 66404.5594328413 66311.0184850774 66232.4454598107 66168.8936785656 66120.4064544664 66087.0169455572 66068.7480418759 66065.6122871755 66077.6118359155 66104.7384458666 66146.9735063892
0 0 0 0 0 0 0 0 0 0 0 0 0 0 0 0 0 0 0 0 0 0 0 0 0 0 0 0 0 0 0 0 0 0 0 71471.3479447911 71131.8440369988 70804.8366650361 70490.4997444404 70189.0035068135 69900.5141063926 69625.1932234053 69363.1976660176 69114.6789728026 68879.7830177482 68658.6496199175 68451.4121599337 68258.1972055198 68079.1241483478 67914.3048544611 67763.8433305195 67627.8354080753 67506.368448023 67399.5210672803 67307.362889637 67229.9543225771 67167.346361713 67119.5804242908 67086.688213023 67068.6916112867 67065.6026104918 67077.4232701802 67104.1457111663 67145.7521417696
0 0 0 0 0 0 0 0 0 0 0 0 0 0 0 0 0 0 0 0 0 0 0 0 0 0 0 0 0 0 0 0 0 0 0 72410.5206698198 72075.4407737678 71752.7338976811 71442.5677089643 71145.1062259975 70860.5094461435 70588.9329712917 70330.5276326293 70085.4391164281 69853.8075927224 69635.7673488244 69431.4464296843 69240.9662871384 69064.4414401156 68901.9791478712 68753.6790983013 68619.6331133497 68499.9248734569 68394.6296629184 68303.8141379109 68227.5361188193 68165.8444083495 68118.7786367448 68086.3691352414 68068.6368387004 68065.5932181407 68077.2402436814 68103.5703781706 68144.5666015491
0 0 0 0 0 0 0 0 0 0 0 0 0 0 0 0 0 0 0 0 0 0 0 0 0 0 0 0 0 0 0 0 0 74048.9170223735 73694.1501833414 73351.3014901808 73020.5388186222 72702.0271273122 72395.9281139413 72102.3998666998 71821.5965124418 71553.6678630419 71298.7590615225 71057.0102296146 70828.5561184899 70613.5257644638 70412.0421515178 70224.2218825217 70050.1748610534 69890.0039857108 69743.8048587916 69611.665511175 69493.6661451836 69389.8788971184 69300.3676210688 69225.1876954754 69164.3858537927 69118.0000404441 69086.0592930973 69068.5836521054 69065.5840977719 69077.0625158954 69103.0116918462 69143.4153332185
0 0 0 0 0 0 0 0 0 0 0 0 0 0 0 0 0 0 0 0 0 0 0 0 0 0 0 0 0 0 0 75717.9022470797 75344.4515525651 74982.4782120153 74632.1492245391 74293.6293159272 73967.0806236863 73652.6623758397 73350.5305645975 73060.8376161023 72783.7320575484 72519.3581830639 72267.8557198291 72029.3594959761 71803.9991118815 71591.8986165166 71393.1761905584 71207.9438379921 71036.3070879473 70878.3647085038 70734.2084341812 70603.9227087895 70487.584445257 70385.262803983 70297.0189911654 70222.9060784499 70162.9688451203 70117.2436439129 70085.7582913844 70068.5319836007 70065.5752377399 70076.8898600239 70102.4689402052 70142.2968726499
0 0 0 0 0 0 0 0 0 0 0 0 0 0 0 0 0 0 0 0 0 0 0 0 0 0 0 0 0 0 77024.3142667872 76644.1820840128 76275.2666752849 75917.7315615025 75571.7382657225 75237.4460196609 74915.0114637908 74604.5883419943 74306.3271918142 74020.375031443 73746.8750446688 73485.9662650803 73237.7832609032 73002.4558219075 72780.1086498782 72570.8610541903 72374.8266540592 72192.11308906 72022.8217395164 71867.0474583496 71724.8783159595 71596.3953596668 71481.6723891952 71380.7757496005 71293.7641429689 71220.6884601082 71161.5916333405 71116.5085113775 71085.4657571248 71068.4817691069 71065.566627055 71076.722062029 71101.9414512813 71141.2098378988
0 0 0 0 0 0 0 0 0 0 0 0 0 0 0 0 0 0 0 0 0 0 0 0 0 0 0 0 0 0 77947.8987202207 77572.2925660723 77207.8119947381 76854.6152945505 76512.8587306204 76182.6962649025 75864.2792706087 75557.7562418805 75263.2724997123 74980.9698951972 74710.9865112421 74453.4563639695 74208.5091050887 73976.2697265721 73756.8582690252 73550.3895351724 73356.9728099116 73176.7115884052 73009.7033136771 72856.0391251794 72715.8036197648 72589.0746264664 72475.9229964354 72376.4124093185 72290.5991972834 72218.5321878034 72160.2525662107 72115.7937589113 72085.1813380278 72068.4329481006 72065.5582553372 72076.5589197481 72101.4285903576 72140.1529235207
0 0 0 0 0 0 0 0 0 0 0 0 0 0 0 0 0 0 0 0 0 0 0 0 0 0 0 0 79648.1859392275 79255.4047524096 78873.3468386298 78502.1687635782 78142.0255665531 77793.0705056842 77455.4547966822 77129.3273458248 76814.8344779699 76512.1196604592 76221.3232238522 75942.5820805 75676.0294420366 75421.7945369275 75180.0023292699 74950.7732400911 74734.2228724302 74530.4617415228 74339.5950114279 74161.722239452 73996.9371297228 73845.3272972547 73706.9740438257 73581.9521469478 73470.3296631656 73372.1677468558 73287.5204856275 73216.4347533379 73158.9500816429 73115.0985508933 73084.904701076 73068.3854633717 73065.5501127747 73076.4002420817 73100.9297574212 73139.1248953524
0 0 0 0 0 0 0 0 0 0 0 0 0 0 0 0 0 0 0 0 0 0 0 0 0 0 0 80965.2875680698 80566.5156875904 80178.2333872309 79800.5937832281 79433.7486665102 79077.8482653191 78733.0410014204 78399.4732405127 78077.2890375197 77766.6298775182 77467.634413124 77180.4381992222 76905.1734259957 76641.9686512618 76390.9485331836 76152.2335644729 75925.9398092414 75712.1786436969 75511.056501903 75322.6746278444 75147.1288350435 74984.5092749773 74834.9002155256 74698.3798306643 74575.0200025767 74464.8861373146 74368.0369950811 74284.5245361392 74214.3937832736 74157.6827016413 74114.4220967541 74084.6355312244 74068.3392607994 74065.5421900859 74076.2458482469 74100.4443848243 74138.1245857147
0 0 0 0 0 0 0 0 0 0 0 0 0 0 0 0 0 0 0 0 0 0 0 0 0 0 82285.6127069047 81881.0583566751 81486.7681078821 81102.891660694 80729.5775709547 80366.9730289956 80015.2236321428 79674.4731514451 79344.8632932143 79026.5334560323 78719.6204839423 78424.2584166049 78140.5782372574 77868.7076193735 77608.7706729722 77360.8876915752 77125.1749008521 76901.7442100343 76690.702967205 76492.1537195979 76306.1939800506 76132.9160007656 75972.4065555261 75824.7467315036 75690.0117317681 75568.2706895805 75459.5864955026 75364.0156383055 75281.6080605965 75212.4070300093 75156.4490267223 75113.7636479815 75084.373530205 75068.2942891463 75065.5344784835 75076.0955670906 75099.9719351308 75137.1508889973
0 0 0 0 0 0 0 0 0 0 0 0 0 0 0 0 0 0 0 0 0 0 0 0 0 83609.0086421385 83198.8700955711 82798.7780359 82408.8787892224 82029.3177001691 81660.2389257697 81301.7852231568 80954.0977315591 80617.3157490954 80291.5765049352 79977.0149274552 79673.7634090728 79381.9515684984 79101.7060111977 78833.1500889091 78576.4036591074 78331.5828453473 78098.7997994593 77878.1624666026 77669.7743542047 77473.7343058381 77290.1362810942 77119.069142519 76960.6164506701 76814.8562683396 76681.8609749672 76561.6970922322 76454.4251217759 76360.0993959526 76278.7679424509 76210.472363559 76155.2477307724 76113.122495361 76084.1184154246 76068.2504998693 76065.5269696424 76075.9492364565 76099.511899134 76136.2027575906
0 0 0 0 0 0 0 0 0 0 0 0 0 0 0 0 0 0 0 0 0 0 0 0 0 84519.7979928383 84114.1005528128 83718.3825146379 83332.786044424 82957.4522811801 82592.5211386769 82238.1311017056 81894.4190171701 81561.5198805071 81239.5666179779 80928.6898654327 80629.0177441962 80340.6756347769 80063.7859491478 79798.4679023944 79544.8372845654 79303.0062336007 79073.0830102446 78855.1717758801 78649.3723742413 78455.7801179785 78274.4855810571 78105.5743979751 77949.1270707771 77805.2187848262 77673.9192342783 77555.2924581663 77449.396687968 77356.2842074822 77276.0012257834 77208.5877639644 77154.0775563049 77112.4979664311 77083.8699189484 77068.2078469447 77065.5196556696 77075.8067026023 77099.0637940269 77135.2791981332
0 0 0 0 0 0 0 0 0 0 0 0 0 0 0 0 0 0 88507.7768671745 88040.9690145904 87583.0913138294 0 0 0 85843.6981980662 85432.582656614 85031.2403675126 84639.8103583428 84258.430774343 83887.2386934584 83526.3699359178 83175.9588687158 82836.1382054284 82507.038801834 82188.7894478673 81881.5166564738 81585.3444499863 81300.3941446868 81026.7841342599 80764.6296728863 80514.0426587623 80275.1314188617 80048.0004957902 79832.7504376027 79629.4775914741 79438.2739021285 79259.2267159358 79092.4185915858 78937.9271182437 78795.8247420742 78666.1786020027 78549.0503755501 78444.4961355431 78352.5662184574 78273.3051051013 78206.7513142874 78152.9373100801 78111.8894231335 78083.627786562 78068.1662867066 78065.5125290764 78075.6678196601 78098.6271617141 78134.3792680466
0 0 0 0 0 0 0 0 0 0 0 0 0 91830.4317604243 0 0 90341.4919872453 89861.9543162735 89391.0313879337 88928.8600604836 88475.5774816734 88031.3209589298 0 0 86754.0802899187 86347.299355615 85950.2284177692 85563.0026595913 85185.7563397998 84818.6226146256 84461.7333548204 84115.2189580418 83779.2081570232 83453.8278239911 83139.2027718264 82835.4555525192 82542.706253502 82261.072292491 81990.6682115041 81731.605470757 81483.9922431761 81247.9332102947 81023.5293603224 80810.8777892033 80610.0715054891 80421.1992398683 80244.3452601933 80079.5891928501 79927.0058513025 79786.665072634 79658.6315628833 79542.9647519484 79439.7186587933 79348.9417676553 79270.6769159017 79204.961194131 79151.8258590559 79111.2962596419 79083.3917769044 79068.125777698 79065.5055827533 79075.5324491395 79098.2015672508 79133.5020723331
0 0 0 0 0 0 0 0 0 0 94240.1249296678 93716.5236541449 93200.7106457694 92692.8159240777 92192.9703556267 91701.3055635087 91217.9538309784 90743.0479991114 90276.7213584296 89819.1075344554 89370.3403671743 88930.5537844171 88499.8816691956 88078.4577210577 87666.4153115586 87263.8873339779 86871.0060474478 86487.9029156924 86114.7084406186 85751.5519910355 85398.5616268201 85055.8639188875 84723.583765365 84401.8442044091 84090.7662241454 83790.468570252 83501.067551744 83222.6768455535 82955.4073005368 82699.3667415686 82454.6597744178 82221.3875921193 81999.6477835852 81789.5341452105 81591.1364962461 81404.540498719 81229.827482681 81067.0742775674 80916.3530504381 80777.7311518569 80651.2709701477 80537.0297947392 80435.059689275 80345.407375131 80268.1141259359 80203.2156736423 80150.742126641 80110.7179003523 80083.1616606659 80068.086280533 80065.4988099455 80075.4004594664 80097.7865973988 80132.6467606116
0 0 99507.0138277711 98930.4374799725 98360.6482239583 97797.764688646 97241.906795138 96693.195707934 96151.7537815683 95617.7045025128 95091.1724261952 94572.2831089897 0 0 0 92575.695345382 92096.932781388 91626.5828610782 91164.77579557 90711.6420583106 90267.3122673628 89831.9170619892 89405.5869735814 88988.4522910088 88580.6429204918 88182.2882401346 87793.5169492868 87414.4569129342 87045.2350013586 86685.9769253382 86336.8070671992 85997.848308067 85669.2218517002 85351.0470453312 85043.4411979717 84746.5193966772 84460.3943213025 84185.1760583087 83920.9719142179 83667.8862293381 83426.0201924075 83195.4716568306 82976.334959198 82768.7007407966 82572.6557728287 82388.2827860648 82215.6603056565 82054.862491833 81905.9589871955 81769.0147713097 81644.0900232784 81531.2399929481 81430.5148813774 81341.9597311544 81265.6143271142 81201.5131079575 81149.6850892245 81110.1537980223 81082.9372198451 81068.0477577687 81065.4922042319 81075.271725557 81097.3818592896 81131.8125243726
