Input/ho_distance_noBay_id_5.asc
NCOLS 174 
NROWS 185 
XLLCORNER 428292.82952926 
YLLCORNER 6186935.0366855 
CELLSIZE 1000 
NODATA_value -9999 
[rows 87 to 115 of 185, columns 64 to 127 of 174]
0 0 0 0 0 0 0 0 0 0 0 0 0 0 0 0 0 0 0 0 0 0 0 0 0 0 0 0 0 0 0 0 0 0 0 0 0 0 0 0 0 0 46002.7318270089 46817.0587991836 47638.4577171085 48466.5690215767 49301.0544692685 50141.5958146557 50987.893562088 51839.6657874772 52696.647028211 53558.5872393436 54425.2508136885 55296.415663146 56171.8723584139 57051.4233241245 57934.8820864165 58822.0725699588 59712.8284415001 60606.9924970918 61504.4160902374 62404.9585983324 63308.4869248831 64214.8750351242
0 0 0 0 0 0 0 0 0 0 0 0 0 0 0 0 0 0 0 0 0 0 0 0 0 0 0 0 0 0 0 0 0 0 0 0 0 0 0 0 0 44607.1250263697 45424.4566525203 46248.9667045137 47080.2780396817 47918.0366809019 48761.9103236407 49611.5869275444 50466.77339129 51327.1943085372 52192.5908021901 53062.7194337359 53937.351184146 54816.2705026566 55699.2744196811 56586.1717201072 57476.7821732913 58370.9358161619 59268.4722859719 60169.2401993871 61073.0965747608 61979.9062946095 62889.5416054776 63801.881652547
0 0 0 0 0 0 0 0 0 0 0 0 0 0 0 0 0 0 0 0 0 0 0 0 0 0 0 0 0 0 0 0 0 0 0 0 0 0 0 0 0 44033.2321065258 44861.0208176954 45695.6983518604 46536.8940403497 47384.2607411074 48237.4732447687 49096.2267806631 49960.2356195086 50829.231768888 51702.9637571567 52581.1955011711 53463.7052531051 54350.2846216045 55240.7376625977 56134.8800352014 57032.5382183274 57933.5487837876 58837.7577219086 59745.0198158854 60655.1980613291 61568.1631276878 62483.7928584373 63401.9718071498
0 0 0 0 0 0 0 0 0 0 0 0 0 0 0 0 0 0 0 0 0 0 0 0 0 0 0 0 0 0 0 0 0 0 0 0 0 0 0 0 42643.519992112 43474.7680428105 44312.9903689053 45157.7986010525 46008.8299519966 46865.7454076029 47728.2280382247 48595.9814257033 49468.7282006099 50346.2086839152 51228.1796270652 52114.4130443909 53004.6951318456 53898.8252662191 54796.6150791902 55697.8876008369 56602.4764675008 57510.2251892 58420.9864720805 59334.6215916941 60250.999813182 61169.997854721 62091.4993908594 63015.3945926201
0 0 0 0 0 0 0 0 0 0 0 0 0 0 0 0 0 0 0 0 0 0 0 0 0 0 0 0 0 0 0 0 0 0 0 0 0 0 40428.0645817929 41255.4731507001 42090.3756688706 42932.3349353978 43780.9438233542 44635.8230698417 45496.6192170444 46363.0026986956 47234.6660652722 48111.3223405499 48992.7035017952 49878.5590757525 50768.6548426473 51662.7716406154 52560.7042632507 53462.2604433016 54367.2599159268 55275.5335553123 56186.9225788615 57101.2778135612 58018.4590195225 58938.3342660661 59860.779356078 60785.6772947014 61712.9177987405 62642.3968434527
0 0 0 0 0 0 0 0 0 0 0 0 0 0 0 0 0 0 0 0 0 0 0 0 0 0 0 0 0 0 0 0 0 0 0 0 0 0 39869.265511903 40708.0335009828 41553.9366435438 42406.547957057 43265.4708594821 44130.3368189187 45000.8031796071 45876.5511549011 46757.2839772241 47642.7251947797 48532.6171048277 49426.719313569 50324.8074130528 51226.6717659792 52132.1163897831 53040.9579319267 53953.0247288781 54868.1559417979 55786.2007624823 56707.0176836209 57630.4738279065 58556.4443309832 59484.8117736457 60415.4656590891 61348.3019313746 62283.2225316065
0 0 0 0 0 0 0 0 0 0 0 0 0 0 0 0 0 0 0 0 0 0 0 0 0 0 0 0 0 0 0 0 0 0 0 0 0 38485.0958168106 39327.9577284101 40178.0278030932 41034.8580746255 41898.0337994896 42767.1707659239 43641.9128176139 44521.9295790146 45406.9143688189 46296.5822880672 47190.6684696699 48088.9264766101 48991.1268367174 49897.0557026149 50806.5136261914 51719.3144377117 52635.2842204297 53554.2603722984 54476.0907470649 55400.6328676936 56327.7532056756 57257.3265203503 58189.2352528931 59123.368970104 60059.6238535805 60997.9022302579 61938.1121406733
0 0 0 0 0 0 0 0 0 0 0 0 0 0 0 0 0 0 0 0 0 0 0 0 0 0 0 0 0 0 0 0 0 0 0 0 0 37950.3956060815 38804.8732212413 39666.1549028278 40533.8069250059 41407.4288370115 42286.6506352855 43171.1301798924 44060.5508370893 44954.6193302341 45853.0637818758 46755.6319307449 47662.0895083484 48572.2187609371 49485.8171036799 50402.6958949358 51322.6793195357 52245.603370948 53171.3149231137 54099.670883578 55030.5374203267 55963.7892554507 56899.3090194162 57836.9866603157 58776.7189030151 59718.4087536044 60661.9650450024 61607.3020199685
0 0 0 0 0 0 0 0 0 0 0 0 0 0 0 0 0 0 0 0 0 0 0 0 0 0 0 0 0 0 0 0 0 0 0 0 0 0 0 39173.1256271967 40051.4597794219 40935.3769925375 41824.5232917208 42718.5721629154 43617.222134115 44520.1945835286 45427.2317538035 46338.0949529897 47252.5629244681 48170.4303695673 49091.5066080463 50015.6143629804 50942.5886578695 51872.2758149612 52804.5325448672 53739.2251185338 54676.2286135298 55615.4262274191 56556.7086517242 57499.973500642 58445.1247892675 59392.0724566131 60340.7319291877 61291.0237213298
0 0 0 0 0 0 0 0 0 0 0 0 0 0 0 0 0 0 0 0 0 0 0 0 0 0 0 0 0 0 0 0 0 0 0 0 0 0 0 38699.6601798147 39588.5003137483 40482.5272945029 41381.4049448384 42284.8239238052 43192.4992715834 44104.1681973966 45019.5880861073 45938.5347012864 46860.800564649 47786.1934937104 48714.5352813393 49645.6605025593 50579.4154354703 51515.6570845448 52454.2522957952 53395.0769544295 54338.0152566136 55282.9590478521 56229.807221304 57178.465170058 58128.8442880301 59080.861514712 60034.4389194993 60989.5033217816
0 0 0 0 0 0 0 0 0 0 0 0 0 0 0 0 0 0 0 0 0 0 0 0 0 0 0 0 0 0 0 0 0 0 0 0 0 0 37352.482723423 38246.4851282066 39145.6164049137 40049.5311180939 40957.9125668984 41870.4700343358 42786.9363235408 43707.0655502432 44630.6311637173 45557.4241713718 46487.2515447925 47419.9347874639 48355.3086465783 49293.2199532996 50233.5265776044 51176.0964853848 52120.8068868847 53067.5434667788 54016.199687288 54966.6761566996 55918.880056507 56872.7246211445 57828.128664959 58785.0161516485 59743.3158019212 60702.9607355903
0 0 0 0 0 0 0 0 0 0 0 0 0 0 0 0 0 0 0 0 0 0 0 0 0 0 0 0 0 0 0 0 0 0 0 0 0 0 36909.8617205837 37814.3299727911 38723.496876569 39637.0391100063 40554.6609955834 41476.0917580865 42401.0830826729 43329.4069385014 44260.8536372806 45195.2300996387 46132.3583054 47072.0739066841 48014.2249852567 48958.6709377754 49905.2814745282 50853.9357189826 51804.5213969682 52756.9341056458 53711.0766535728 54666.8584641965 55624.1950360004 56583.0074533117 57543.2219424673 58504.7694686388 59467.5853691496 60431.6090195819
0 0 0 0 0 0 0 0 0 0 0 0 0 0 0 0 0 0 0 0 0 0 0 0 0 0 0 0 0 0 0 0 0 0 0 0 0 35579.2377630984 36489.2836167225 37403.9232958273 38322.8278833732 39245.6978029079 40172.259770838 41102.2641000981 42035.4823121221 42971.7050193642 43910.7400453439 44852.4107533619 45796.5545586872 46743.0216022171 47691.6735663978 48642.3826166274 49595.0304534728 50549.5074628765 51505.7119531216 52463.5494687164 53422.9321725696 54383.7782888748 55346.0116000423 56309.5609918114 57274.360041375 58240.346643951 59207.4626737719 60175.6536759229
0 0 0 0 0 0 0 0 0 0 0 0 0 0 0 0 0 0 0 0 0 0 0 0 0 0 0 0 0 0 0 0 0 0 0 0 0 35171.1826134989 36091.5190244275 37015.9884988788 37944.2889458697 38876.1459338007 39811.3097212926 40749.5526451912 41690.6668193461 42634.4621040333 43580.7643113194 44529.4136163647 45480.2631487089 46433.1777410757 47388.032816238 48344.7133950691 49303.1132111339 50263.1339190903 51224.6843858206 52187.6800546398 53152.042374155 54117.6982844105 55084.579753875 56052.6233616191 57021.769919725 57991.9641315637 58963.1542821031 59935.2919568564
0 0 0 0 0 0 0 0 0 0 0 0 0 0 0 0 0 0 0 0 0 0 0 0 0 0 0 0 0 0 0 0 0 0 0 32938.8933472885 33860.8380581841 34787.0954961907 35717.3301370582 36651.2391492856 37588.5486582902 38529.0104894373 39472.399323498 40418.510207728 41367.1563739971 42318.1673224308 43271.3871350084 44226.6729886648 45183.8938417752 46142.929271594 47103.6684433585 48066.0091944439 49029.8572192383 49995.1253423512 50961.7328694377 51929.6050063396 52898.6723384715 53868.870363425 54840.1390706662 55812.422562979 56785.6687149764 57759.82886458 58734.8575338707 59710.7121761465
0 0 0 0 0 0 0 0 0 0 0 0 0 0 0 0 0 0 0 0 0 0 0 0 0 0 0 0 0 0 0 0 0 0 0 32559.1864390535 33491.5852212398 34427.7786052206 35367.4652576151 36310.3739695301 37256.2601030437 38204.9025116433 39156.1008654167 40109.6733225441 41065.4544976642 42023.2936852676 42983.0533026304 43944.6075221442 44907.8410673883 45872.6481510751 46838.9315361788 47806.601704256 48775.576117232 49745.7785608629 50717.1385597111 51689.590854866 52663.0749368281 53637.5346269801 54612.9177019413 55589.1755558358 56566.2628961473 57544.1374693771 58522.7598131965 59502.0930321918
0 0 0 0 0 0 0 0 0 0 0 0 0 0 0 0 0 0 0 0 0 0 0 0 0 0 0 0 0 0 0 0 0 30332.478139529 31267.3134302186 32206.0638421097 33148.3967524912 34094.0151099733 35042.6529443421 35994.0715179059 36948.0560178022 37904.4127055567 38862.9664540895 39823.5586138432 40786.0451592052 41750.2950742536 42716.188943371 43683.6177176787 44652.481632747 45622.6892567868 46594.1566516645 47566.8066317087 48540.5681074798 49515.3755035283 50491.1682407323 51467.8902751264 52445.4896862539 53423.9183090261 54403.1314038816 55383.0873607325 56363.7474327697 57345.0754967117 58327.0378365136 59309.6029479258
0 0 0 0 0 0 0 0 0 0 0 0 0 0 0 0 0 0 0 0 0 0 0 0 0 0 0 0 0 0 0 28107.255977718 29044.8532042337 29986.4829000336 30931.7767962419 31880.4089501852 32832.0900018498 33786.5623132642 34743.5958416311 35702.9846240497 36664.5437735648 37628.106904044 38593.5239158163 39560.6590857535 40529.3894150619 41499.6031958891 42471.1987642775 43444.0834122817 44418.172436423 45393.3883032576 46369.6599158205 47346.921967192 48325.1143695066 49304.1817484522 50284.0729947657 51264.7408654472 52246.1416284492 53228.2347454665 54210.9825881897 55194.3501840137 56178.3049877268 57162.8166761626 58147.8569631856 59133.39943272
0 0 0 0 0 0 0 0 0 0 0 0 0 0 0 0 0 0 0 0 0 0 0 0 0 0 0 0 0 0 26824.6548191667 27769.5474436651 28718.1723701994 29670.1716095982 30625.2304873208 31583.0714380354 32543.4488110674 33506.1445048082 34470.9642835185 35437.7346580467 36406.3002343364 37376.5214514562 38348.2726451882 39321.4403847088 40295.9220391683 41271.6245384798 42248.4632987256 43226.3612875556 44205.2482090171 45185.0597905915 46165.73715796 47147.2262852903 48129.4775107199 49112.4451082758 50096.0869087789 51080.363963371 52065.240244226 53050.6823777743 54036.6594064253 55023.1425753249 56010.1051411533 56997.5222003691 57985.3705346451 58973.6284715347
0 0 0 0 0 0 0 0 0 0 0 0 0 0 0 0 0 0 0 0 0 0 0 0 0 0 0 0 0 0 26508.3389294095 27464.1164404567 28422.9370564248 29384.5028879511 30348.5529973099 31314.8579445771 32283.2152541776 33253.4456290786 34225.3897752035 35198.9057262172 36173.86658047 37150.158578937 38127.6794664806 39106.3370894949 40086.0481915557 41066.7373755725 42048.3362064751 43030.7824329431 44014.0193103266 44997.9950098705 45982.662101784 46967.9771016952 47953.9000716718 48940.3942683588 49927.4258319105 50914.9635103419 51902.9784147111 52891.4438012094 53880.3348767898 54869.6286254384 55859.3036525881 56849.3400455148 57839.7192478412 58830.4239465228
0 0 0 0 0 0 0 0 0 0 0 0 0 0 0 0 0 0 0 0 0 0 0 0 0 0 0 0 24303.3051519419 25263.3390581476 26226.3600109783 27192.0506487459 28160.1363196715 29130.3782433563 30102.5679246726 31076.5225647601 32052.0812705909 33029.1019077886 34007.4584744818 34987.0388994571 35967.7431876208 36949.4818511595 37932.1745768376 38915.7490893623 39900.1401782591 40885.2888616828 41871.1416653734 42857.6499988075 43844.7696137043 44832.4601325571 45820.6846369175 46809.4093068303 47798.6031042005 48788.2374940047 49778.2861982002 50768.724977967 51759.5314405663 52750.684867644 53742.1660622644 54733.9572123424 55726.0417684681 56718.4043343919 57711.0305686711 58703.9070961772
0 0 0 0 0 0 0 0 0 0 0 0 0 0 0 0 0 0 0 0 0 0 0 0 0 0 0 23069.3499882178 24037.0665418516 25007.323467255 25979.8361437181 26954.3604100146 27930.6857089382 28908.6295633329 29888.0330950119 30868.7573664222 31850.6803758658 32833.6945753 33817.7048086147 34802.6265902607 35788.3846609433 36774.9117700935 37762.1476449193 38750.0381137258 39738.5343573933 40727.592267801 41717.1718958844 42707.2369751227 43697.7545087594 44688.6944110737 45680.0291946584 46671.7336969966 47663.7848407141 48656.161422788 49648.8439287253 50641.8143683404 51635.0561302684 52628.5538527755 53622.2933087816 54616.2613033108 55610.4455818333 56604.8347481782 57599.4181908731 58594.1860169216
0 0 0 0 0 0 0 0 0 0 0 0 0 0 0 0 0 0 0 0 0 0 0 0 0 0 21857.2453993947 22832.5389632402 23809.8822879577 24789.0329304094 25769.7848784859 26751.9620166814 27735.4129372628 28720.0067872381 29705.6299195544 30692.1831738318 31679.5796536912 32667.742898662 33656.6053717781 34646.1072013888 35636.1951289506 36626.8216246942 37617.9441408709 38609.5244783487 39601.5282470604 40593.9244045368 41586.6848596972 42579.7841314195 43573.1990532805 44566.9085173666 45560.8932512725 46555.1356233914 47549.6194724089 48544.3299575698 49539.2534268324 50534.3773004719 51529.6899680656 52525.1806971046 53520.8395517298 54516.6573203138 55512.6254507841 56508.7359927433 57504.9815455677 58501.3552117778
0 0 0 0 0 0 0 0 0 0 0 0 0 0 0 0 0 0 0 0 0 0 0 0 0 20670.8355907506 21653.3854876867 22637.4636860423 23622.8791893664 24609.4713525895 25597.1041196547 26585.6615184005 27575.044105667 28565.1661379381 29555.9533012644 30547.3408761719 31539.2722437212 32531.6976612362 33524.5732527739 34517.8601717882 35511.523902779 36505.5336758164 37499.8619732751 38494.4841123141 39489.3778899051 40484.5232797701 41479.9021726036 42475.4981525501 43471.2963041799 44467.2830452269 45463.4459811709 46459.7737784136 47456.256053337 48452.8832749755 49449.6466793942 50446.538194166 51443.5503715866 52440.6763294724 53437.9096985558 54435.244575638 55432.6754817774 56430.1973248948 57427.8053662604 58425.4951904013
0 0 0 0 0 0 0 0 0 0 0 0 0 0 0 0 0 0 0 0 0 0 0 0 0 20503.9842627925 21494.1626891433 22485.2104452211 23477.0174388571 24469.4913490845 25462.5541912323 26456.1396465917 27450.1909657926 28444.6593074518 29439.5024104607 30434.6835244601 31430.1705418943 32425.9352887636 33421.952941287 34418.2015431969 35414.6616040114 36411.3157628939 37408.1485059563 38405.145927365 39402.2955265391 40399.586035246 41397.0072695813 42394.5500027572 43392.20585537 44389.9672004083 45387.8270807476 46385.7791372568 47383.8175459606 48381.9369629555 49380.132475986 50378.399561761 51376.734048234 52375.1320811841 53373.5900945402 54372.1047839655 55370.6730832942 56369.2921434673 57367.9593136629 58366.6721243605
0 0 0 0 0 0 0 0 0 0 0 0 0 0 0 0 0 0 13432.9328096362 14423.2223489316 15414.7657129533 0 0 0 19389.6270778816 20384.8791332654 21380.574275177 22376.6533555597 23373.0672880861 24369.7749992059 25366.7418595775 26363.938469602 27361.3397092957 28358.9239878032 29356.6726453207 30354.5694725364 31352.6003215293 32350.7527884605 33349.0159530773 34347.3801635164 35345.8368574807 36344.3784128187 37342.9980220212 38341.6895862872 39340.4476256908 40339.267202668 41338.1438565735 42337.0735474865 43336.0526077745 44335.0777001949 45334.1457815281 46333.2540709085 47332.4000221612 48331.5812995644 49330.7957565548 50330.0414169653 51329.3164584525 52328.6191978203 53327.9480779919 54327.3016564188 55326.6785947435 56326.0776495627 57325.4976641554 58324.9375610605
0 0 0 0 0 0 0 0 0 0 0 0 0 8345.37687612722 0 0 11331.4735308414 12328.3393625694 13325.6748608541 14323.3819175403 15321.3879467312 16319.6380987067 0 0 19315.4747507878 20314.3600417744 21313.3498766703 22312.4302133112 23311.589415619 24310.817759609 25310.1070562619 26309.4503602405 27308.8417424921 28308.2761109715 29307.7490680114 30307.2567958903 31306.795964304 32306.3636549996 33305.9572999727 34305.5746304609 35305.2136345985 36304.8725220619 37304.5496943963 38304.2437199875 39303.9533128504 40303.6773145732 41303.4146788829 42303.1644583982 43302.9257932164 44302.6979010457 45302.4800686435 46302.2716443628 47302.0720316445 48301.8806833171 49301.6970965901 50301.520808644 51301.3513927359 52301.188454752 53301.0316301477 54300.8805812256 55300.7349947091 56300.5945795741 57300.4590651077 58300.3281991671
0 0 0 0 0 0 0 0 0 0 5293.22818873681 6293.16484104445 7293.11886472983 8293.0839760368 9293.05659576645 10293.0345355798 11293.0163822231 12293.0011822857 13292.9882692418 14292.9771630937 15292.9675093894 16292.9590406948 17292.951551435 18292.9448809862 19292.9389020263 20292.9335123298 21292.9286288749 22292.9241835359 23292.9201198862 24292.9163907901 25292.9129565663 26292.9097835702 27292.906843088 28292.9041104656 29292.9015644152 30292.8991864602 31292.8969604855 32292.8948723722 33292.8929096977 34292.8910614885 35292.8893180148 36292.8876706189 37292.886111572 38292.8846339526 39292.8832315436 40292.8818987454 41292.8806305005 42292.87942223 43292.8782697778 44292.8771693635 45292.8761175402 46292.875111159 47292.8741473373 48292.8732234312 49292.8723370116 50292.8714858422 51292.8706678615 52292.8698811653 53292.8691239926 54292.8683947121 55292.8676918103 56292.8670138816 57292.8663596183 58292.8657278024
0 0 2909.10962647965 2012.10781952575 1278.37276876377 1104.48901960901 1674.97912015552 2528.08506808554 3460.76193489197 4422.95514656404 5398.9064899327 6382.30760348931 0 0 0 10347.7768906968 11342.9337315422 12338.8737207526 13335.4213939867 14332.4499934142 15329.8656834376 16327.5975247664 17325.5908987047 18323.8030727193 19322.2001362764 20320.7548374769 21319.4450261577 22318.252514072 23317.1622274324 24316.1615679556 25315.2399249432 26314.3882983428 27313.5990044241 28312.8654436989 29312.1819162532 30311.5434735686 31310.9457986909 32310.3851086161 33309.8580742338 34309.3617542519 35308.893540334 36308.4511112931 37308.0323946423 38307.6355341621 39307.2588624127 40306.9008773342 41306.5602222427 42306.235668661 43305.9261015257 44305.6305063964 45305.3479583574 46305.0776123565 47304.8186947681 48304.5704960038 49304.3323640217 50304.1036986093 51303.8839463345 52303.6725960757 53303.4691750547 54303.2732453074 55303.0844005381 56302.9022633076 57302.7264825164 58302.5567311469
