Input/ho_distance_noBay_id_18.asc
NCOLS 174 
NROWS 185 
XLLCORNER 428292.82952926 
YLLCORNER 6186935.0366855 
CELLSIZE 1000 
NODATA_value -9999 
[rows 87 to 115 of 185, columns 64 to 127 of 174]
0 0 0 0 0 0 0 0 0 0 0 0 0 0 0 0 0 0 0 0 0 0 0 0 0 0 0 0 0 0 0 0 0 0 0 0 0 0 0 0 0 0 63138.7119451491 63577.3749469969 64028.6519006105 64492.2780127053 64967.9889047413 65455.5210916934 65954.6124273628 66465.0025163782 66986.4330932815 67518.6483693149 68061.3953477132 68614.4241084645 69177.4880636378 69750.3441844789 70332.7532015618 70924.4797793422 71525.2926665025 72134.9648234984 72753.2735287277 73380.0004647342 74014.9317858425 74657.8581685909
0 0 0 0 0 0 0 0 0 0 0 0 0 0 0 0 0 0 0 0 0 0 0 0 0 0 0 0 0 0 0 0 0 0 0 0 0 0 0 0 0 61806.4819712544 62238.467788993 62683.4310785556 63141.0974788889 63611.1928036024 64093.4435722999 64587.577505385 65093.3239823612 65610.4144639489 66138.5828786018 66677.565974233 67227.1036361579 67786.939172419 68356.8195677926 68936.495707878 69525.7225747478 70124.2594156923 70731.8698866207 71348.3221716976 71973.3890807906 72606.8481262849 73248.481580794 73898.0765172574
0 0 0 0 0 0 0 0 0 0 0 0 0 0 0 0 0 0 0 0 0 0 0 0 0 0 0 0 0 0 0 0 0 0 0 0 0 0 0 0 0 60902.9649548525 61341.3139682426 61792.7379099602 62256.9523625077 62733.6733861972 63222.6180696797 63723.5050404724 64236.0549356951 64759.9908335398 65295.038646276 65840.9274758276 66397.3899331571 66964.162422853 67540.9853944459 68127.6035620751 68723.7660941962 69329.2267750645 69943.7441397502 70567.0815844424 71199.0074537832 71839.2951069426 72487.7229641055 73144.074534985
0 0 0 0 0 0 0 0 0 0 0 0 0 0 0 0 0 0 0 0 0 0 0 0 0 0 0 0 0 0 0 0 0 0 0 0 0 0 0 0 59571.0954059305 60002.508838556 60447.3880823606 60905.4380580095 61376.3638878726 61859.8715093644 62355.6682444635 62863.4633254652 63382.9683774011 63913.8978578928 64455.9694554948 65008.9044478231 65572.4280209656 66146.2695518291 66730.1628552018 67323.8463973968 67927.0634784016 68539.5623844894 69161.0965132554 69791.4244730279 70430.3101585736 71077.5228049726 71732.8370214779 72396.032807112
0 0 0 0 0 0 0 0 0 0 0 0 0 0 0 0 0 0 0 0 0 0 0 0 0 0 0 0 0 0 0 0 0 0 0 0 0 0 57833.1567215074 58243.1083943238 58667.2424312876 59105.25351904 59556.8354818195 60021.6820129779 60499.4873591963 60989.9469567245 61492.7580194822 62007.6200793186 62534.2354791328 63072.3098199055 63621.5523629899 64181.6763892561 64752.3995168805 65333.4439797278 65924.5368683827 66525.4103359707 67135.8017709463 67755.4539390469 68384.1150965985 69021.5390773297 69667.4853548043 70321.7190825167 70984.0111136227 71654.1380021938
0 0 0 0 0 0 0 0 0 0 0 0 0 0 0 0 0 0 0 0 0 0 0 0 0 0 0 0 0 0 0 0 0 0 0 0 0 0 56919.2756718094 57335.761982047 57766.5583285041 58211.3470053648 58669.8097767285 59141.6286408823 59626.4865420943 60124.0680294761 60634.0598630142 61156.1515673617 61690.0359344087 62235.4094760142 62791.9728285843 63359.4311114312 63937.4942410376 64525.8772035006 65124.3002875252 65732.4892804028 66350.1756294344 66977.0965712557 67612.9952314925 68257.6206971233 68910.7280638572 69572.0784607546 70241.4390542215 70918.5830334083
0 0 0 0 0 0 0 0 0 0 0 0 0 0 0 0 0 0 0 0 0 0 0 0 0 0 0 0 0 0 0 0 0 0 0 0 0 55599.8939798801 56008.3375010581 56431.5472824461 56869.1936618541 57320.9459692353 57786.4733814628 58265.4457197834 58757.5341891025 59262.4120589271 59779.7552863893 60309.243082293 60850.558421576 61403.3884999529 61967.4251388152 62542.3651407044 63127.9105978624 63723.7691564947 64329.6542394622 64945.2852301633 65570.3876203717 66204.6931247651 66847.9397648337 67499.8719247774 68160.2403819109 68828.8023139906 69505.3212857614 70189.5672168979
0 0 0 0 0 0 0 0 0 0 0 0 0 0 0 0 0 0 0 0 0 0 0 0 0 0 0 0 0 0 0 0 0 0 0 0 0 54685.2643515866 55100.488167179 55530.6172783983 55975.3080775664 56434.2163358099 56906.9980977341 57393.3105122368 57892.8125989103 58405.1659502057 58930.0353701709 59467.0894511251 60016.0010900979 60576.4479472439 61148.1128487517 61730.684137001 62323.8559708938 62927.3285793957 63540.8084713891 64164.0086049514 64796.6485191541 65438.4544314221 66089.1593034125 66748.5028782695 67416.2316919959 68092.099061546 68775.865052109 69467.2964259041
0 0 0 0 0 0 0 0 0 0 0 0 0 0 0 0 0 0 0 0 0 0 0 0 0 0 0 0 0 0 0 0 0 0 0 0 0 0 0 54633.1344693763 55085.0709449254 55551.3339179717 56031.5657386487 56525.4103760692 57032.5142111195 57552.5267586061 58085.1013200338 58629.8955688743 59186.5720706617 59754.798740638 60334.2492419742 60924.6033278116 61525.547130519 62136.7734016519 62757.9817061284 63388.8785741258 64029.1776141455 64678.5995906089 65336.8724692331 66003.7314333012 66678.918873793 67362.184356183 68053.2845665432 68751.9832394196
0 0 0 0 0 0 0 0 0 0 0 0 0 0 0 0 0 0 0 0 0 0 0 0 0 0 0 0 0 0 0 0 0 0 0 0 0 0 0 53739.2715672435 54198.662046553 54672.4850971216 55160.3687963878 55661.943415695 56176.8422383329 56704.7022999775 57245.1650533701 57797.8769596783 58362.4900094627 58938.6621765641 59526.0578085066 60124.3479572144 60733.2106539635 61352.3311325432 61981.4020045993 62620.1233910815 63268.2030136212 63925.3562495455 64591.306154078 65265.7834531108 65948.5265097475 66639.2812676232 67337.8011738125 68043.8470839387
0 0 0 0 0 0 0 0 0 0 0 0 0 0 0 0 0 0 0 0 0 0 0 0 0 0 0 0 0 0 0 0 0 0 0 0 0 0 52397.0760267062 52849.2122477426 53316.272321548 53797.8675536864 54293.6111562172 54803.1191762023 55326.0113373407 55861.9117964832 56410.4498175346 56971.2603658644 57543.9846268368 58128.2704524412 58723.7727402682 59330.1537492462 59947.083356638 60574.2392608131 61211.3071342603 61857.9807312142 62513.961954125 63178.9608830369 63852.6957717435 64534.893014379 65225.2870858831 65923.6204595469 66629.6435046212 67343.1143667371
0 0 0 0 0 0 0 0 0 0 0 0 0 0 0 0 0 0 0 0 0 0 0 0 0 0 0 0 0 0 0 0 0 0 0 0 0 0 51503.2377892636 51963.1519620966 52438.1046653525 52927.6910506494 53431.5088595812 53949.1593824225 54480.2483210984 55024.3865589346 55581.1908404776 56150.2843653005 56731.2973001907 57323.8672144609 57927.6394433579 58542.2673846699 59167.4127336721 59802.7456615098 60447.9449420222 61102.6980318567 61766.7011085325 62439.6590708927 63121.2855061415 63811.3026274057 64509.4411854952 65215.4403582724 65929.0476207711 66650.0185989504
0 0 0 0 0 0 0 0 0 0 0 0 0 0 0 0 0 0 0 0 0 0 0 0 0 0 0 0 0 0 0 0 0 0 0 0 0 50161.0184341178 50613.3720414519 51081.2988134106 51564.3747903867 52062.1782735028 52574.2909190462 53100.2987251393 53639.7929130748 54192.3707067339 54757.6360143002 55335.2000171058 55924.6816709012 56525.7081251544 57137.9150661683 57760.9469898753 58394.457410149 59038.1090083704 59691.5737298218 60354.5328322676 61026.6768918298 61707.7057709838 62397.3285532067 63095.2634484978 63801.2376736836 64514.9873111077 65236.2571490035 65964.8005065537
0 0 0 0 0 0 0 0 0 0 0 0 0 0 0 0 0 0 0 0 0 0 0 0 0 0 0 0 0 0 0 0 0 0 0 0 0 49267.2071156556 49727.6920441259 50203.8745028105 50695.3121516424 51201.565730073 51722.2001878256 52256.7856964818 52804.8985453674 53366.1219262283 53940.0466119894 54526.2715354911 55124.4042745192 55734.0614497019 56354.8690419707 56986.4626362804 57628.4875981897 58280.5991897237 58942.4626307024 59613.7531114278 60294.1557623024 60983.365585603 61681.087354276 62387.0354822566 63100.9338704497 63822.5157321567 64551.5234013877 65287.7081271691
0 0 0 0 0 0 0 0 0 0 0 0 0 0 0 0 0 0 0 0 0 0 0 0 0 0 0 0 0 0 0 0 0 0 0 47489.1177585862 47924.9618105991 48377.5528898053 48846.4254850283 49331.1153504859 49831.160941538 50346.1047136716 50875.4942865276 51418.883476375 51975.8332017443 52545.9122679782 53128.6980372434 53723.7769911155 54330.7451932111 54949.2086595262 55578.7836441809 56219.0968481813 56869.7855586225 57530.4977254867 58200.8919828618 58880.6376210318 59569.4145154859 60266.913018474 60972.8338183066 61686.8877711734 62408.7957098346 63138.2882331346 63875.1054799044 64618.9968904457
0 0 0 0 0 0 0 0 0 0 0 0 0 0 0 0 0 0 0 0 0 0 0 0 0 0 0 0 0 0 0 0 0 0 0 46586.9749191538 47031.1799891985 47492.2893766441 47969.8156062062 48463.2733969956 48972.181158393 49496.0623329673 50034.4465895997 50586.8708716602 51152.8803064358 51732.0289830494 52323.8806068662 52928.0090388832 53543.998728883 54171.4450512181 54809.9545520306 55459.1451165106 56118.6460645008 56788.0981823764 57467.1536986977 58155.4762106568 58852.7405678511 59558.6327194077 60272.8495299818 60995.0985696584 61725.0978823109 62462.5757365111 63207.2703626561 63958.9296795719
0 0 0 0 0 0 0 0 0 0 0 0 0 0 0 0 0 0 0 0 0 0 0 0 0 0 0 0 0 0 0 0 0 44836.4231471448 45253.6241608155 45688.9062984316 46141.7578534388 46611.6667462547 47098.122424598 47600.6175903312 48118.6497528709 48651.7226118252 49199.3472736835 49761.0433091492 50336.3396590728 50924.775397954 51525.9003646766 52139.2756705452 52764.4740948645 53401.0803782671 54048.6914237955 54706.9164154148 55375.3768632025 56053.7065839559 56741.5516254072 57438.5701416502 58144.4322267901 58858.8197132282 59581.4259404122 60311.9554993149 61050.1239573669 61795.6575680556 62548.2929689285 63307.776871293
0 0 0 0 0 0 0 0 0 0 0 0 0 0 0 0 0 0 0 0 0 0 0 0 0 0 0 0 0 0 0 43130.7714879039 43518.3766723933 43925.331726224 44351.1040033655 44795.1569410786 45256.9524430709 45735.9530729699 46231.6240527133 46743.4350642948 47270.8618566286 47813.3876621076 48370.5044297194 48941.7138833942 49526.5284156132 50124.4718272528 50735.0799252311 51357.9009898 51992.4961233506 52638.4394924008 53295.3184740805 53962.7337179297 54640.2991332469 55327.6418115685 56024.4018931728 56730.2323857947 57444.7989430269 58167.77960919 58898.8645367789 59637.7556819532 60384.1664829355 61137.8215256104 61898.4562001017 62665.8163516157
0 0 0 0 0 0 0 0 0 0 0 0 0 0 0 0 0 0 0 0 0 0 0 0 0 0 0 0 0 0 41830.7030387043 42206.5560756949 42602.5707537621 43018.190267465 43452.8520691835 43905.990616371 44377.0399087567 44865.4358066642 45370.6181264971 45892.0325137048 46429.1320971808 46981.3789320405 47548.245240119 48129.2144593388 48723.7821144002 49331.456522082 49951.7593448778 50584.2260068008 51228.405985016 51883.8629905691 52550.1750509231 53226.9345063304 53913.7479312995 54610.2359915998 55316.0332463992 56030.7879042876 56754.1615411045 57485.8287866871 58225.4769868897 58972.8058465031 59727.5270580313 60489.3639206628 61258.0509532005 62033.333504201
0 0 0 0 0 0 0 0 0 0 0 0 0 0 0 0 0 0 0 0 0 0 0 0 0 0 0 0 0 0 40901.5604022788 41285.8729155601 41690.633977649 42115.2540122557 42559.1386141137 43021.6914896876 43502.31715314 44000.4233701325 44515.4233475255 45046.7376717553 45593.7960025974 46156.0385321897 46732.9172216277 47323.8968292133 47928.4557456272 48546.0866519544 49176.2970167293 49818.6094480376 50472.5619162989 51137.7078627224 51813.6162076308 52499.8712719392 53196.0726241017 53901.8348638265 54616.7873528437 55340.5739020139 56072.8524231003 56813.2945526072 57561.5852542286 58317.4224056443 59080.5163746634 59850.5895890373 60627.3761036539 61410.6211682672
0 0 0 0 0 0 0 0 0 0 0 0 0 0 0 0 0 0 0 0 0 0 0 0 0 0 0 0 39254.251385719 39604.0643231442 39975.8373266935 40368.963685346 40782.8258962924 41216.7993316538 41670.2556532155 42142.5659548972 42633.1036205597 43141.2468918076 43666.3811465803 44207.9008944888 44765.2114990588 45337.7306403175 45924.8895335906 46526.1339220338 47140.9248614147 47768.7393160848 48409.0705850317 49061.4285764806 49725.339948799 50400.3481345332 51086.0132633254 51781.9119982951 52487.6372992508 53202.7981248752 53927.0190848219 54659.9400514972 55401.2157401964 56150.5152652253 56907.5216786746 57671.9314976301 58443.4542247963 59221.8118667808 60006.7384536346 60797.9795626584
0 0 0 0 0 0 0 0 0 0 0 0 0 0 0 0 0 0 0 0 0 0 0 0 0 0 0 37979.4749756194 38314.8297462252 38673.1410353586 39053.7769825053 39456.09148988 39879.4284652664 40323.1257937033 40786.519008532 41268.944642332 41769.7432473601 42288.2620830994 42823.8574753305 43375.896856733 43943.7605034487 44526.8429853609 45124.5543501706 45736.3210628055 46361.5867223992 46999.8125791695 47650.4778731083 48313.0800156035 48987.1346340304 49672.1754980708 50367.7543451131 51073.4406206218 51788.8211478761 52513.4997400214 53247.0967659622 53989.2486802906 54739.6075261851 55497.8404190587 56263.6290176684 57036.6689884354 57816.6694678521 58603.3525270814 59396.4526421562 60195.7161725851
0 0 0 0 0 0 0 0 0 0 0 0 0 0 0 0 0 0 0 0 0 0 0 0 0 0 36714.912324479 37034.7194677197 37378.5514046655 37745.75160425 38135.6450480159 38547.5431420315 38980.7483425511 39434.558453263 39908.2705646629 40401.1846177913 40912.6065850048 41441.8512694341 41988.2447322631 42551.1263629406 43129.8506120003 43723.7884094229 44332.3282935884 44954.8772769877 45590.8614751634 46239.7265249921 46900.9378175382 47573.9805694573 48258.3597554001 48953.5999221726 49659.2449036296 50374.8574534676 51100.0188113048 51834.3282157126 52577.4023762371 53328.8749149207 54088.3957864326 54855.630684628 55630.2604421984 56411.9804290307 57200.4999539677 57995.5416738423 58796.8410129397 59604.1455954149
0 0 0 0 0 0 0 0 0 0 0 0 0 0 0 0 0 0 0 0 0 0 0 0 0 35461.6561170606 35764.7132467629 36092.940759679 36445.6586130669 36822.1630380229 37221.7322253715 37643.6317179384 38087.1194496814 38551.4503881867 39035.8807520893 39539.6717885956 40062.0931081787 40602.42558354 41159.9638280383 41734.0182750708 42323.9168844574 42929.0065049377 43548.6539236232 44182.2466338915 44829.1933529541 45488.9243193886 46160.8913994691 46844.5680293041 47539.4490177434 48245.0502328388 48960.908192431 49686.5795772478 50421.6406827931 51165.6868243085 51918.3317072279 52679.2067738331 53447.9605352607 54224.2578966029 55007.7794815953 55798.2209622703 56595.2923979801 57398.7175873415 58208.2334359144 59023.5893417913
0 0 0 0 0 0 0 0 0 0 0 0 0 0 0 0 0 0 0 0 0 0 0 0 0 34505.9267545976 34817.3037475934 35154.3780959171 35516.4181523027 35902.6686672138 36312.3570769822 36744.69942107 37198.9058253505 37674.1855076101 38169.751279257 38684.8235329937 39218.6337196667 39770.4273285553 40339.4663940219 40925.0315578735 41526.4237211858 42142.9653219844 42774.0012763419 43418.8996204075 44077.0518899068 44747.8732719675 45430.8025619467 46125.3019554463 46830.8567030288 47546.9746524228 48273.1857003105 49009.0411731874 49754.1131543283 50507.9937716023 51270.2944587872 52040.6452011239 52818.6937741533 53604.1049833527 54396.5599107593 55195.7551735941 56001.4021988902 56813.2265172502 57630.9670781161 58454.3755882947
0 0 0 0 0 0 0 0 0 0 0 0 0 0 0 0 0 0 32104.3500855105 32222.2741821793 32370.6751942257 0 0 0 33259.6339240849 33552.7779449431 33872.9178973583 34219.2961052634 34591.1243673607 34987.5912868654 35407.8692258551 35851.1207938298 36316.5048047344 36803.1816598894 37310.3181351934 37837.0915690921 38382.6934628926 38946.3325170021 39527.2371357197 40124.6574395588 40737.8668280564 41366.1631379921 42008.8694422678 42665.3345337408 43334.9331363802 44017.0658835077 44711.1590998442 45416.6644207839 46133.0582789459 46859.8412846986 47596.5375241273 48342.693794866 49097.8787973849 49861.6822967419 50633.7142674695 51413.6040321845 52200.9994026626 52995.5658305042 53796.9855731139 54604.9568795026 55419.1931993859 56239.4224181702 57065.3861196777 57896.8388778388
0 0 0 0 0 0 0 0 0 0 0 0 0 30982.106541509 0 0 30962.03970873 31019.8897803248 31109.7930086656 31231.4725893695 31384.5589288595 31568.5951258141 0 0 32300.6683428244 32602.4360202065 32931.8158246729 33287.9881123611 33670.1026376104 34077.2867271697 34508.652969136 34963.3063196657 35440.3505606434 35938.8940692367 36458.0548847348 36996.9650787312 37554.774451398 38130.6535893879 38723.7963300658 39333.4216827234 39958.775260629 40599.1302787138 41253.7881708638 41922.0788786174 42603.3608599549 43297.0208631271 44002.4735063903 44719.1607002982 45446.5509450125 46184.13853106 46931.4426681586 47688.0065632144 48453.3964653841 49227.2006932165 50009.028656321 50798.5098817599 51595.2930533957 52399.0450707291 53209.4501323103 54026.2088475708 54849.0373798835 55677.6666227885 56511.8414106008 57351.3197640248
0 0 0 0 0 0 0 0 0 0 30302.8690919334 30163.7122095636 30057.198693822 29983.6764319924 29943.3884428088 29936.4689049236 29962.9409363296 30022.7162097718 30115.5964189822 30241.2765393516 30399.3497592968 30589.3138995724 30810.5790907132 31062.4764460855 31344.2674507179 31655.1537838731 31994.2873047545 32360.7799534822 32753.7133506449 33172.1479153029 33615.1313603451 34081.7064630247 34570.9180452342 35081.8191311228 35613.4762780515 36164.9741001685 36735.4190220334 37323.9423129832 37929.7024618098 38551.8869564116 39189.7135350395 39842.4309752427 40509.319484231 41189.690750648 41882.8877131525 42588.284096111 43305.2837574075 44033.319888104 44771.8540986033 45520.3754211797 46278.3992543353 47045.4662704301 47821.1413044555 48605.012238649 49396.6888948818 50195.8019443485 51002.0018420334 51814.9577916773 52634.356745493 53459.9024416463 54291.3144814975 55128.3274477594 55970.6900640496 56818.1643957671
0 0 31602.3500607739 31213.6859153515 30852.5500968839 30519.919831796 30216.7365146829 29943.8946140327 29702.2302818292 29492.5099435998 29315.419182264 29171.5522537004 0 0 0 28936.5184001886 28963.9043670389 29025.7371179699 29121.7972367781 29251.7475265758 29415.1388304909 29611.4175863901 29839.934827913 30099.9563054935 30390.6733826537 30711.214363969 31060.655929458 31438.0343823639 31842.3564593642 32272.6095000658 32727.7708223804 33206.8161987983 33708.7273731788 34232.4985967694 34777.1421947856 35341.6932007347 35925.2131149333 36526.7928569139 37145.5549893984 37780.6552951234 38431.2837879176 39096.6652368968 39776.0592782203 40468.7601831711 41174.0963449295 41891.4295397049 42620.154011202 43359.6954209448 44109.5097009207 44869.0818394375 45637.924626046 46415.577376902 47201.6046579955 47995.5950202539 48797.1597575795 49605.9316963734 50421.5640229831 51243.7291537443 52072.1176508198 52906.437185841 53746.4115523805 54591.7797275046 55442.2949820342 56297.7240386627
