Input/ho_distance_noBay_id_18.asc
NCOLS 174 
NROWS 185 
XLLCORNER 428292.82952926 
YLLCORNER 6186935.0366855 
CELLSIZE 1000 
NODATA_value -9999 
[rows 116 to 144 of 185, columns 64 to 127 of 174]
0 31116.7607076022 30689.3866995203 30289.0098063838 29916.7139590854 29573.5596972744 29260.5723154345 28978.7292903829 28728.9472543602 28512.0688376402 28328.849755344 0 0 0 0 0 27964.936667405 0 0 28262.9556130907 28432.0298087571 28635.0480723287 28871.2943451293 29139.9604704882 29440.1588868018 29770.9357316604 30131.2839652939 30520.1561669611 30936.4767146198 31379.1531207064 31847.0863601563 32339.1800868509 32854.3486885419 33391.5241761561 33949.6619403689 34527.7454364437 35124.7898781242 35739.845033812 36371.9972245052 37020.3706242649 37684.1279614701 38362.4707139018 39054.6388836652 39759.9104298792 40477.6004285152 41207.0600202084 41947.675198604 42698.8654840629 43460.0825204534 44230.8086263764 45010.5553265193 45798.861883896 46595.2938494726 47399.4416420407 48210.9191681276 49029.3624891682 49854.4285410311 50685.7939092533 51523.15366192 52366.2202409945 53214.722412006 54068.404271306 54927.0243095682 55790.3545298147
0 30222.2223465313 29782.0144151079 29369.2703634294 28985.1634588928 28630.8462990051 28307.4375183585 28016.00752988 27757.5635993654 27533.0346317171 0 0 0 0 0 0 0 0 0 27274.9809645494 27450.1410866147 27660.3670390249 27904.8663102351 28182.7469003753 28493.0321641824 28834.6760163463 29206.5780266394 29607.5979958641 30036.5696800286 30492.3134117721 30973.64744844 31479.3979503861 32008.4075576605 32559.5425864034 33131.6989074562 33723.806599387 34334.8334874567 34963.7876905506 35609.719301455 36271.7213237384 36948.9299824157 37640.5245168552 38345.726554109 39063.7991498653 39794.0455731701 40535.8079003991 41288.4654739865 42051.4332723047 42824.1602289364 43606.1275324023 44396.8469311803 45195.8590635157 46002.7318270089 46817.0587991836 47638.4577171085 48466.5690215767 49301.0544692685 50141.5958146557 50987.893562088 51839.6657874772 52696.647028211 53558.5872393436 54425.2508136885 55296.415663146
0 0 28880.7601917036 28454.9462889883 28058.3254555173 27692.1520728572 27357.6487565136 27055.9901785777 0 0 0 0 0 0 0 0 0 0 0 26287.9157265374 26469.6084652579 26687.5594868203 26940.8888201762 27228.6090257952 27549.6426208787 27902.8397765649 28286.9957163212 28700.8673338228 29143.1886514193 29612.6848467128 30108.0846765326 30628.1312186652 31171.5909283805 31737.2610674711 32323.9756082592 32930.6097450663 33556.0831629732 34199.3622206452 34859.4612029133 35535.4427918935 36226.4178946036 36931.5449518833 37650.0288391854 38381.1194554043 39124.110082001 39878.3355817047 40643.1704942611 41418.0270761911 42202.3533223281 42995.630998988 43797.373711898 44607.1250263697 45424.4566525203 46248.9667045137 47080.2780396817 47918.0366809019 48761.9103236407 49611.5869275444 50466.77339129 51327.1943085372 52192.5908021901 53062.7194337359 53937.351184146 54816.2705026566
0 0 0 27546.5768279511 27136.6828112194 0 0 0 0 0 0 0 0 0 0 0 0 0 0 25301.8663318446 25490.5884383443 25716.8380247567 25979.6346596732 26277.8818801785 26610.3877304923 26975.8854206058 27373.0534154335 27800.5343895166 28256.9526205713 28740.9295336761 29251.0972361423 29786.1099940354 30344.6536911413 30925.4533789533 31527.2790730874 32148.9499799115 32789.3373502633 33447.3661583075 34122.0157960577 34812.3199606825 35517.3658947768 36236.293121151 36968.2917947326 37712.6007758549 38468.5055121399 39235.3358007301 40012.4634889502 40799.3001595995 41595.2948369358 42399.9317408665 43212.7281097671 44033.2321065258 44861.0208176954 45695.6983518604 46536.8940403497 47384.2607411074 48237.4732447687 49096.2267806631 49960.2356195086 50829.231768888 51702.9637571567 52581.1955011711 53463.7052531051 54350.2846216045
0 0 0 0 0 0 0 0 0 0 0 0 0 0 0 0 0 0 0 24316.9563577256 24513.2622382671 24748.4481255002 25021.417699225 25330.9495032779 25675.7212517221 26054.3340128788 26465.3354392717 26907.2413853909 27378.5554408959 27877.7860865732 28403.4613409573 28954.1408991145 29528.425868378 30124.9662791979 30742.466595596 31379.689473286 32035.4580191758 32708.656798421 33398.2318186968 34103.1896994098 34822.5962089626 35555.5743279584 36301.3019718232 37059.0094836332 37827.9769874961 38607.5316748566 39397.0450806095 40195.9303927909 41003.6398286861 41819.6621012071 42643.519992112 43474.7680428105 44312.9903689053 45157.7986010525 46008.8299519966 46865.7454076029 47728.2280382247 48595.9814257033 49468.7282006099 50346.2086839152 51228.1796270652 52114.4130443909 53004.6951318456 53898.8252662191
0 0 0 0 0 0 0 0 0 0 0 0 0 0 0 0 0 0 0 23333.330090935 23537.840856609 23782.6746025247 24066.6007219152 24388.2539220546 24746.1631051186 25138.7797532747 25564.5048170735 26021.7133486766 26508.7763704629 27024.0797015871 27566.0396643452 28133.1157505665 28723.820443898 29336.7264695946 29970.4717849141 30623.7626373516 31295.3750117709 31984.154767414 32689.0167371919 33408.9430288199 34142.9807334019 34890.2392141409 35649.8871173317 36421.1492204325 37203.303208123 37995.6764468545 38797.6428112917 39608.6196019388 40428.0645817929 41255.4731507001 42090.3756688706 42932.3349353978 43780.9438233542 44635.8230698417 45496.6192170444 46363.0026986956 47234.6660652722 48111.3223405499 48992.7035017952 49878.5590757525 50768.6548426473 51662.7716406154 52560.7042632507 53462.2604433016
0 0 0 0 0 0 0 0 0 0 0 0 0 0 0 0 0 0 22180.8151496515 22351.157011697 22564.5713192175 22819.8496462744 23115.6050523686 23450.3060959897 23822.3112869875 24229.9024783975 24671.3159999861 25144.7706736349 25648.4921835224 26180.7335715929 26739.7918728858 27324.0210888473 27931.8418211598 28561.7479608796 29212.3108575705 29882.1813912213 30570.0903458981 31274.8474467086 31995.3393773751 32730.5270494065 33479.4423488572 34241.1845450617 35014.9165086466 35799.8608540035 36595.2960942323 37400.5528740292 38215.0103276392 39038.0925942866 39869.265511903 40708.0335009828 41553.9366435438 42406.547957057 43265.4708594821 44130.3368189187 45000.8031796071 45876.5511549011 46757.2839772241 47642.7251947797 48532.6171048277 49426.719313569 50324.8074130528 51226.6717659792 52132.1163897831 53040.9579319267
0 0 0 0 0 0 0 0 0 0 0 0 0 0 0 0 0 0 21192.41579745 21370.6374820811 21593.7445907154 21860.3628631267 22168.9224719221 22517.6993190825 22904.8562903837 23328.482606926 23786.6298537681 24277.3437356456 24798.6910524973 25348.781765121 25925.7863146762 26527.9485654804 27153.5948660816 27801.1397825667 28469.0890663599 29156.0403917756 29860.6823496278 30581.7921228284 31318.2322058959 32068.9464678984 32832.955800833 33609.3535444818 34397.3008350436 35196.0219882164 36004.7999974105 36822.9722036673 37649.9261748356 38485.0958168106 39327.9577284101 40178.0278030932 41034.8580746255 41898.0337994896 42767.1707659239 43641.9128176139 44521.9295790146 45406.9143688189 46296.5822880672 47190.6684696699 48088.9264766101 48991.1268367174 49897.0557026149 50806.5136261914 51719.3144377117 52635.2842204297
0 0 0 0 0 0 0 0 0 0 0 0 0 0 0 0 19976.9140720976 20066.4584544082 20205.1581028462 20392.0100289189 20625.7056140644 20904.6739064873 21227.1300508357 21591.1257060305 21994.5986167543 22435.4190371085 22911.4313483285 23420.4898643835 23960.4884037494 24529.3836776371 25125.212887919 25746.1061467899 26390.2944428495 27056.1139086679 27742.0071173182 28446.5220713509 29168.3094644577 29906.1187062596 30658.7931127664 31425.264584247 32204.5480211794 32995.735668522 33797.991528573 34610.5459422993 35432.6904070596 36263.7726738553 37103.1921483795 37950.3956060815 38804.8732212413 39666.1549028278 40533.8069250059 41407.4288370115 42286.6506352855 43171.1301798924 44060.5508370893 44954.6193302341 45853.0637818758 46755.6319307449 47662.0895083484 48572.2187609371 49485.8171036799 50402.6958949358 51322.6793195357 52245.603370948
0 0 0 0 0 0 0 0 0 0 0 0 0 0 0 0 18979.1206980979 19073.3500343146 19219.2180015215 19415.5607605994 19660.8661738757 19953.3284883893 20290.9087234675 20671.3965634306 21092.4701005152 21551.7506017411 22046.8504112984 22575.4129999141 23135.144935254 23723.8401240973 24339.3970609843 24979.830030462 25643.2752863064 26327.9932100381 27032.3673681446 27754.9012713944 28494.2135115776 29249.0318250347 30018.1865168503 30800.6035788088 31595.2977494666 32401.3656955378 33217.9794387692 34044.3801096893 34879.8720770523 35723.8174775604 36575.6311528396 37434.775988205 38300.7586392961 39173.1256271967 40051.4597794219 40935.3769925375 41824.5232917208 42718.5721629154 43617.222134115 44520.1945835286 45427.2317538035 46338.0949529897 47252.5629244681 48170.4303695673 49091.5066080463 50015.6143629804 50942.5886578695 51872.2758149612
0 0 0 0 0 0 0 0 0 0 0 0 0 0 0 0 0 0 0 18441.6356725082 18699.721530976 19006.9788339591 19361.0666920263 19759.4676677184 20199.5599350612 20678.6817913679 21194.1864596679 21743.4863521398 22324.0869422292 22933.6110733292 23569.8149318413 24230.5970826096 24914.001967534 25618.2191632598 26341.5795303799 27082.5492008018 27839.7221658617 28611.8120595479 29397.6435856585 30196.1439168635 31006.3342965022 31827.3219980094 32658.2927389582 33498.503603624 34347.2764966967 35203.992128721 36068.0845188315 36939.0359906169 37816.3726311053 38699.6601798147 39588.5003137483 40482.5272945029 41381.4049448384 42284.8239238052 43192.4992715834 44104.1681973966 45019.5880861073 45938.5347012864 46860.800564649 47786.1934937104 48714.5352813393 49645.6605025593 50579.4154354703 51515.6570845448
0 0 0 0 0 0 0 0 0 0 0 0 0 0 0 0 0 0 0 0 17742.8721453165 18066.4100203546 18438.5690898748 18856.4707498675 19317.1464817951 19817.613561114 20354.937148421 20926.2783450543 21528.9290126845 22160.3349137988 22818.109092347 23500.0374810078 24204.0785957096 24928.358945703 25671.1655127758 26430.9363784723 27206.2503278451 27995.8160438286 28798.4613307449 29613.122666766 30438.8352788908 31274.7238547996 32119.9939485127 32973.9240963373 33835.8586320715 34705.2011725627 35581.4087338679 36463.9864324389 37352.482723423 38246.4851282066 39145.6164049137 40049.5311180939 40957.9125668984 41870.4700343358 42786.9363235408 43707.0655502432 44630.6311637173 45557.4241713718 46487.2515447925 47419.9347874639 48355.3086465783 49293.2199532996 50233.5265776044 51176.0964853848
0 0 0 0 0 0 0 0 0 0 0 0 0 0 0 0 0 0 0 0 0 0 17524.5757926144 17963.7528308983 18446.7361565164 18970.1801226727 19530.8318549203 20125.5820289424 20751.4990075948 21405.8489698664 22086.1048892567 22789.9470872086 23515.2577552594 24260.1114250287 25022.7629452331 25801.6341434385 26595.3000270794 27402.4751179321 28222.0003126534 29052.8305110867 29894.0231445092 30744.7276589494 31604.1759563747 32471.6737625274 33346.5928694152 34228.3641890326 35116.471549909 36010.4461673844 36909.8617205837 37814.3299727911 38723.496876569 39637.0391100063 40554.6609955834 41476.0917580865 42401.0830826729 43329.4069385014 44260.8536372806 45195.2300996387 46132.3583054 47072.0739066841 48014.2249852567 48958.6709377754 49905.2814745282 50853.9357189826
0 0 0 0 0 0 0 0 0 0 0 0 0 0 0 0 0 0 0 0 0 0 0 0 0 0 0 19343.4479509907 19993.865001325 20672.210736874 21375.8264356784 22102.2988593216 22849.4480004504 23615.3114098419 24398.1268142111 25196.3142364285 26008.4584348894 26833.2921800119 27669.6806681322 28516.6072199154 29373.1603065358 30238.5218794168 31111.9569379763 31992.804246721 32880.4681023177 33774.4110486926 34674.1474407745 35579.2377630984 36489.2836167225 37403.9232958273 38322.8278833732 39245.6978029079 40172.259770838 41102.2641000981 42035.4823121221 42971.7050193642 43910.7400453439 44852.4107533619 45796.5545586872 46743.0216022171 47691.6735663978 48642.3826166274 49595.0304534728 50549.5074628765
0 0 0 0 0 0 0 0 0 0 0 0 0 0 0 0 0 0 0 0 0 0 0 0 0 0 0 0 19258.363490188 19961.7189484956 20689.5114112742 21439.2523539364 22208.7190210126 22995.9313708492 23799.1285275602 24616.7458801899 25447.3935165936 26289.8363602151 27142.9761615304 28005.8353555813 28877.5427109449 29757.3206468756 30644.474071837 31538.3805893392 32438.4819197281 33344.2763951334 34255.3123963798 35171.1826134989 36091.5190244275 37015.9884988788 37944.2889458697 38876.1459338007 39811.3097212926 40749.5526451912 41690.6668193461 42634.4621040333 43580.7643113194 44529.4136163647 45480.2631487089 46433.1777410757 47388.032816238 48344.7133950691 49303.1132111339 50263.1339190903
0 0 0 0 0 0 0 0 0 0 0 0 0 0 0 0 0 0 0 0 0 0 0 0 0 0 0 0 0 19276.9331068956 20029.6232881761 20803.1600514145 21595.3033593716 22404.0796785275 23227.7516195676 24064.7897218913 24913.8468209421 25773.7351285352 26643.4059672259 27521.9319923752 28408.4916820913 29302.3558559712 30202.8759850529 31109.4740686339 32021.6338728293 32938.8933472885 33860.8380581841 34787.0954961907 35717.3301370582 36651.2391492856 37588.5486582902 38529.0104894373 39472.399323498 40418.510207728 41367.1563739971 42318.1673224308 43271.3871350084 44226.6729886648 45183.8938417752 46142.929271594 47103.6684433585 48066.0091944439 49029.8572192383 49995.1253423512
0 0 0 0 0 0 0 0 0 0 0 0 0 0 0 0 0 0 0 0 0 0 0 0 0 0 0 0 0 0 19398.8591338575 20196.5688856738 21011.5933192199 21841.994251231 22686.0832214229 23542.3879627332 24409.6228984875 25286.6634632742 26172.5239165696 27066.3382677068 27967.3439260944 28874.8677111942 29788.313889804 30707.1539458805 31630.9178259899 32559.1864390535 33491.5852212398 34427.7786052206 35367.4652576151 36310.3739695301 37256.2601030437 38204.9025116433 39156.1008654167 40109.6733225441 41065.4544976642 42023.2936852676 42983.0533026304 43944.6075221442 44907.8410673883 45872.6481510751 46838.9315361788 47806.601704256 48775.576117232 49745.7785608629
0 0 0 0 0 0 0 0 0 0 0 0 0 0 0 0 0 0 0 0 0 0 0 0 0 0 0 0 0 0 0 19622.2149968541 20460.1314864124 21312.0303936487 22176.3003803233 23051.5500046493 23936.5748735145 24830.3297548358 25731.9049973453 26640.5066365286 27555.4396246811 28476.0936922178 29401.9314166006 30332.478139529 31267.3134302186 32206.0638421097 33148.3967524912 34094.0151099733 35042.6529443421 35994.0715179059 36948.0560178022 37904.4127055567 38862.9664540895 39823.5586138432 40786.0451592052 41750.2950742536 42716.188943371 43683.6177176787 44652.481632747 45622.6892567868 46594.1566516645 47566.8066317087 48540.5681074798 49515.3755035283
0 0 0 0 0 0 0 0 0 0 0 0 0 0 0 0 0 0 0 0 0 0 0 0 0 0 0 0 0 0 0 0 0 20816.6415669965 21700.6503401932 22594.3330117498 23496.5857797333 24406.4582101313 25323.1289816524 26245.8857819645 27174.1086245427 28107.255977718 29044.8532042337 29986.4829000336 30931.7767962419 31880.4089501852 32832.0900018498 33786.5623132642 34743.5958416311 35702.9846240497 36664.5437735648 37628.106904044 38593.5239158163 39560.6590857535 40529.3894150619 41499.6031958891 42471.1987642775 43444.0834122817 44418.172436423 45393.3883032576 46369.6599158205 47346.921967192 48325.1143695066 49304.1817484522
0 0 0 0 0 0 0 0 0 0 0 0 0 0 0 0 0 0 0 0 0 0 0 0 0 0 0 0 0 0 0 0 19464.7587629358 20358.3519165429 21261.4240307728 22172.8169359431 23091.5454210706 24016.7676632782 24947.7611831283 25883.9032433079 26824.6548191667 27769.5474436651 28718.1723701994 29670.1716095982 30625.2304873208 31583.0714380354 32543.4488110674 33506.1445048082 34470.9642835185 35437.7346580467 36406.3002343364 37376.5214514562 38348.2726451882 39321.4403847088 40295.9220391683 41271.6245384798 42248.4632987256 43226.3612875556 44205.2482090171 45185.0597905915 46165.73715796 47147.2262852903 48129.4775107199 49112.4451082758
0 0 0 0 0 0 0 0 0 0 0 0 0 0 0 0 0 0 0 0 0 0 0 0 0 0 0 0 0 0 0 18122.3922612265 19026.4752470941 19939.71964163 20860.9222817526 21789.0738101426 22723.3227447564 23662.9468921537 24607.330506973 25555.9459566247 26508.3389294095 27464.1164404567 28422.9370564248 29384.5028879511 30348.5529973099 31314.8579445771 32283.2152541776 33253.4456290786 34225.3897752035 35198.9057262172 36173.86658047 37150.158578937 38127.6794664806 39106.3370894949 40086.0481915557 41066.7373755725 42048.3362064751 43030.7824329431 44014.0193103266 44997.9950098705 45982.662101784 46967.9771016952 47953.9000716718 48940.3942683588
0 0 0 0 0 0 0 0 0 0 0 0 0 0 0 0 0 0 0 0 0 0 0 0 0 0 0 0 0 0 16791.8244643113 17707.3721341921 18631.6045191305 19563.2907767534 20501.4147090957 21445.1314785628 22393.7340162681 23346.6267852528 24303.3051519419 25263.3390581476 26226.3600109783 27192.0506487459 28160.1363196715 29130.3782433563 30102.5679246726 31076.5225647601 32052.0812705909 33029.1019077886 34007.4584744818 34987.0388994571 35967.7431876208 36949.4818511595 37932.1745768376 38915.7490893623 39900.1401782591 40885.2888616828 41871.1416653734 42857.6499988075 43844.7696137043 44832.4601325571 45820.6846369175 46809.4093068303 47798.6031042005 48788.2374940047
0 0 0 0 0 0 0 0 0 0 0 0 0 0 0 0 0 0 0 0 0 0 0 0 0 0 0 0 0 15476.098875709 16404.1243432633 17340.1543974603 18282.9596506223 19231.5436885551 20185.0918180553 21142.9324068787 22104.5074548239 23069.3499882178 24037.0665418516 25007.323467255 25979.8361437181 26954.3604100146 27930.6857089382 28908.6295633329 29888.0330950119 30868.7573664222 31850.6803758658 32833.6945753 33817.7048086147 34802.6265902607 35788.3846609433 36774.9117700935 37762.1476449193 38750.0381137258 39738.5343573933 40727.592267801 41717.1718958844 42707.2369751227 43697.7545087594 44688.6944110737 45680.0291946584 46671.7336969966 47663.7848407141 48656.161422788
0 0 0 0 0 0 0 0 0 0 0 0 0 0 0 0 0 0 0 0 0 0 0 0 0 0 0 13246.4427271129 14179.3477981606 15120.8320882061 16069.3877325255 17023.8327399197 17983.2294156328 18946.8255724753 19914.01160822 20884.2887690925 21857.2453993947 22832.5389632402 23809.8822879577 24789.0329304094 25769.7848784859 26751.9620166814 27735.4129372628 28720.0067872381 29705.6299195544 30692.1831738318 31679.5796536912 32667.742898662 33656.6053717781 34646.1072013888 35636.1951289506 36626.8216246942 37617.9441408709 38609.5244783487 39601.5282470604 40593.9244045368 41586.6848596972 42579.7841314195 43573.1990532805 44566.9085173666 45560.8932512725 46555.1356233914 47549.6194724089 48544.3299575698
0 0 0 0 0 0 0 0 0 0 0 0 0 0 0 0 0 0 0 0 0 0 0 0 0 0 0 12907.2914103495 13863.0382892857 14824.6244360092 15790.9831463162 16761.288965523 17734.8940466043 18711.2833847067 19690.0427871887 20670.8355907506 21653.3854876867 22637.4636860423 23622.8791893664 24609.4713525895 25597.1041196547 26585.6615184005 27575.044105667 28565.1661379381 29555.9533012644 30547.3408761719 31539.2722437212 32531.6976612362 33524.5732527739 34517.8601717882 35511.523902779 36505.5336758164 37499.8619732751 38494.4841123141 39489.3778899051 40484.5232797701 41479.9021726036 42475.4981525501 43471.2963041799 44467.2830452269 45463.4459811709 46459.7737784136 47456.256053337 48452.8832749755
0 0 0 0 0 0 0 0 0 0 0 0 0 0 0 0 0 0 0 0 0 0 0 0 0 10703.1201088113 11668.009218464 12638.3582074841 13612.9995680306 14591.0731715567 15571.9322935929 16555.0818305063 17540.1366435179 18526.7928290841 19514.8074955999 20503.9842627925 21494.1626891433 22485.2104452211 23477.0174388571 24469.4913490845 25462.5541912323 26456.1396465917 27450.1909657926 28444.6593074518 29439.5024104607 30434.6835244601 31430.1705418943 32425.9352887636 33421.952941287 34418.2015431969 35414.6616040114 36411.3157628939 37408.1485059563 38405.145927365 39402.2955265391 40399.586035246 41397.0072695813 42394.5500027572 43392.20585537 44389.9672004083 45387.8270807476 46385.7791372568 47383.8175459606 48381.9369629555
0 0 0 0 0 0 0 0 0 0 5089.38314679079 4181.80342356718 3327.63263174863 2580.46468497409 0 0 0 0 0 0 0 0 7545.17922365528 8515.5967832912 9492.15716442367 10473.1421594782 11457.4153172153 12444.196430854 13432.9328096362 14423.2223489316 15414.7657129533 16407.3355863699 17400.7563083413 18394.8900285052 19389.6270778816 20384.8791332654 21380.574275177 22376.6533555597 23373.0672880861 24369.7749992059 25366.7418595775 26363.938469602 27361.3397092957 28358.9239878032 29356.6726453207 30354.5694725364 31352.6003215293 32350.7527884605 33349.0159530773 34347.3801635164 35345.8368574807 36344.3784128187 37342.9980220212 38341.6895862872 39340.4476256908 40339.267202668 41338.1438565735 42337.0735474865 43336.0526077745 44335.0777001949 45334.1457815281 46333.2540709085 47332.4000221612 48331.5812995644
0 0 0 0 0 0 0 0 6772.03287992589 5783.25932198422 4799.14028174188 3823.27170135182 2864.09943278471 1946.46464632621 1172.34110988139 0 0 0 0 0 5374.78725430491 6361.9177209045 7352.52719451474 8345.37687612722 9339.7523662632 10335.2132692867 11331.4735308414 12328.3393625694 13325.6748608541 14323.3819175403 15321.3879467312 16319.6380987067 17318.0901583079 18316.7111073413 19315.4747507878 20314.3600417744 21313.3498766703 22312.4302133112 23311.589415619 24310.817759609 25310.1070562619 26309.4503602405 27308.8417424921 28308.2761109715 29307.7490680114 30307.2567958903 31306.795964304 32306.3636549996 33305.9572999727 34305.5746304609 35305.2136345985 36304.8725220619 37304.5496943963 38304.2437199875 39303.9533128504 40303.6773145732 41303.4146788829 42303.1644583982 43302.9257932164 44302.6979010457 45302.4800686435 46302.2716443628 47302.0720316445 48301.8806833171
0 0 0 0 0 0 0 0 6707.48506936815 5707.54018946138 4707.61872636654 3707.73962561519 2707.94981302777 1708.40605489364 710.148088019215 299.948938050215 0 0 0 0 5293.22818873681 6293.16484104445 7293.11886472983 8293.0839760368 9293.05659576645 10293.0345355798 11293.0163822231 12293.0011822857 13292.9882692418 14292.9771630937 15292.9675093894 16292.9590406948 17292.951551435 18292.9448809862 19292.9389020263 20292.9335123298 21292.9286288749 22292.9241835359 23292.9201198862 24292.9163907901 25292.9129565663 26292.9097835702 27292.906843088 28292.9041104656 29292.9015644152 30292.8991864602 31292.8969604855 32292.8948723722 33292.8929096977 34292.8910614885 35292.8893180148 36292.8876706189 37292.886111572 38292.8846339526 39292.8832315436 40292.8818987454 41292.8806305005 42292.87942223 43292.8782697778 44292.8771693635 45292.8761175402 46292.875111159 47292.8741473373 48292.8732234312
