Input/ho_distance_noBay_id_2.asc
NCOLS 174 
NROWS 185 
XLLCORNER 428292.82952926 
YLLCORNER 6186935.0366855 
CELLSIZE 1000 
NODATA_value -9999 
[rows 116 to 144 of 185, columns 64 to 127 of 174]
0 100901.883374349 100323.355842741 99751.4981672343 99186.4257127268 98628.255103316 98077.1041771896 97533.091937259 96996.3384973904 96466.9650240893 95945.0936735036 0 0 0 0 0 92978.3574514441 0 0 91606.3967828888 91166.4279798358 90735.3473000523 90313.2820172073 89900.3591081712 89496.705117209 89102.4460152199 88717.7070541936 88342.6126170843 87977.2860633399 87621.8495703513 87276.4239711263 86941.1285885242 86616.0810664211 86301.3971982108 85997.1907530814 85703.5733005362 85420.6540336639 85148.539591689 84887.333882364 84637.1379047902 84398.049573275 84170.1635428583 83953.5710371514 83748.3596791516 83554.6133256989 83372.411906251 83201.8312666501 83042.9430185529 82895.8143951861 82760.5081140738 82637.0822473676 82525.5901003847 82426.08009893 82338.5956859464 82263.1752279978 82199.851932049 82148.6537729579 82109.6034320458 82082.7182470607 82068.0101737874 82065.4857595042 82075.1461284225 82096.9869791847 82130.9985944342
0 101716.861901652 101142.996070802 100575.798844636 100015.383678189 99461.865211516 98915.3592239967 98375.9825845253 97843.8531974766 97319.0899443057 0 0 0 0 0 0 0 0 0 92503.3072823511 92067.6246963697 91640.7833679422 91222.9074046022 90814.1205672727 90414.546138692 90024.306787246 89643.5244263784 89272.3200697799 88910.8136825872 88559.1240288558 88217.3685155978 87885.6630337128 87564.1217961662 87252.8571738046 86951.9795292256 86661.5970491508 86381.8155757791 86112.7384376227 85854.4662803569 85607.0968982331 85370.7250666292 85145.4423763275 84931.337070124 84728.4938823861 84536.9938821819 84356.9143206091 84188.3284829501 84031.3055462762 83885.910443114 83752.2037317745 83630.2414739261 83520.0751199716 83421.751402762 83335.3122401467 83260.794646828 83198.2306559448 83147.647250769 83109.0663068526 83082.5045449122 83067.9734946861 83065.4794699482 83075.023554802 83096.6016013256 83130.2042385796
0 0 101965.85497512 101403.260499186 100847.443690578 100298.517227239 99756.5948548832 99221.7913368824 0 0 0 0 0 0 0 0 0 0 0 93402.311453208 92970.8419014294 92548.1663941491 92134.405962038 91729.6812435111 91334.1123572932 90947.818770728 90570.9191639994 90203.5312904668 89845.7718333409 89497.7562589547 89159.5986669174 88831.4116374625 88513.3060763342 88205.3910575841 87907.7736646758 87620.5588303247 87343.8491755253 87077.7448482414 86822.3433622587 86577.7394367193 86344.0248368756 86121.2882166164 85909.6149633324 85709.0870456951 85519.7828649317 85341.7771101797 85175.140618505 85019.9402401615 84876.2387096598 84744.0945232036 84623.56182303 84514.6902891723 84417.5250391364 84332.1065359555 84258.4705050493 84196.6478602847 84146.6646395881 84108.5419504216 84082.295925387 84067.937688175 84065.4733300264 84074.9038968223 84096.2253868652 84129.4287593643
0 0 0 102233.806377806 101682.529598517 0 0 0 0 0 0 0 0 0 0 0 0 0 0 94303.3494178816 93876.021275348 93457.4396693388 93047.7226406247 92646.9877959621 92255.3521847034 91872.9321714627 91499.8433050063 91136.2001835671 90782.1163168041 90437.703984656 90103.074093367 89778.3360289848 89463.5975086617 89158.9644301141 88864.5407196192 88580.4281789571 88306.7263317235 88043.5322694656 87790.9404981114 87549.0427851811 87317.9280082847 87097.6820054271 86888.3874276478 86690.1235945338 86502.9663531492 86326.9879409249 86162.2568530508 86008.8377149094 85866.7911600762 85736.1737144052 85617.0376866964 85509.4310664251 85413.3974289878 85328.9758488917 85256.2008212849 85195.1021921905 85145.7050977694 85108.0299128985 85082.0922093089 85067.9027234824 85065.4673344618 85074.7870516812 85095.8580128753 85128.6714920769
0 0 0 0 0 0 0 0 0 0 0 0 0 0 0 0 0 0 0 95206.3634325987 94783.1066019604 94368.5485539388 93962.8044240678 93565.9888757349 93178.2159807359 92799.599096177 92430.2507378926 92070.2824505726 91719.8046748179 91378.9266113652 91047.7560827491 90726.3993926922 90414.9611835388 90113.5442920727 89822.2496040812 89541.1759080502 89270.4197483965 89010.0752786639 88760.2341151258 88520.9851912554 88292.4146135385 88074.6055191138 87867.6379357385 87671.5886445806 87486.5310463449 87312.5350312404 87149.6668532938 86997.9890095089 86857.5601243619 86728.4348401126 86610.6637133915 86504.2931185077 86409.3651578996 86325.9175801204 86253.9837057296 86193.5923614208 86144.7678226908 86107.5297653105 86081.8932258251 86067.8685712669 86065.4614782224 86074.672921353 86095.4991714226 86127.9318028417
0 0 0 0 0 0 0 0 0 0 0 0 0 0 0 0 0 0 0 96111.2977994214 95692.0436804836 95281.4403900681 94879.6002408559 94486.6350386294 94102.6559666711 93727.7734667808 93362.097117078 93005.7355067806 92658.7961081717 92321.3851459902 91993.6074645015 91675.5663925307 91367.3636067596 91069.0989936122 90780.8705100742 90502.7740438125 90234.9032729792 89977.3495261025 89730.2016424846 89493.5458335374 89267.4655455053 89052.0413240286 88847.3506810137 88653.4679642796 88470.4642304541 88298.407121593 88137.3607459918 87987.3855636569 87848.5382768896 87720.8717264293 87604.4347935833 87499.2723087553 87405.4249667618 87322.9292493028 87251.8173549254 87192.1171367904 87143.8520485198 87107.0410983683 87081.698811928 87067.8352035346 87065.4557565076 87074.5614123144 87095.1485687086 87127.2090868516
0 0 0 0 0 0 0 0 0 0 0 0 0 0 0 0 0 0 97441.9100400826 97018.0987822275 96602.7802414433 96196.0644176003 95798.0608806547 95408.8786620624 95028.626142919 94657.4109389708 94295.3397826621 93942.5184024051 93599.0513992783 93265.0421213826 92940.5925361022 92625.8031005416 92320.772630426 92025.598167778 91740.3748476965 91465.1957645879 91200.1518382119 90945.3316799242 90700.8214595102 90466.7047730184 90243.0625120124 90029.9727346704 89827.5105391663 89635.7479397731 89454.7537461317 89284.5934461236 89125.3290927899 88977.0191957262 88839.7186173794 88713.4784746583 88598.3460462563 88494.3646860675 88401.5737430575 88320.0084879284 88249.7000468912 88190.6753428319 88142.9570441298 88106.5635213508 88081.5088120109 88067.8025935635 88065.4501647348 88074.4524352885 88094.8059242679 88126.5027667214
0 0 0 0 0 0 0 0 0 0 0 0 0 0 0 0 0 0 98346.6103070591 97926.7145264614 97515.2658664559 97112.371694157 96718.138914697 96332.6738660416 95956.082210768 95588.4688249487 95229.9376843055 94880.5917478133 94540.5328389561 94209.8615248545 93888.6769935054 93577.0769293918 93275.1573877408 92983.0126677252 92700.7351849211 92428.4153433531 92166.1414074708 91913.9993744175 91672.0728469633 91440.4429074874 91219.187993404 91008.3837744331 90808.103032125 90618.4155420494 90439.3879590639 90271.0837060716 90113.5628666801 89966.8820821619 89831.0944531132 89706.2494461934 89592.3928063158 89489.5664746439 89397.8085127271 89317.1530330918 89247.6301365771 89189.2658566813 89142.0821111573 89106.0966610637 89081.3230774518 89067.7707158311 89065.4446985271 89074.3459050074 89094.4709702203 89125.8122909516
0 0 0 0 0 0 0 0 0 0 0 0 0 0 0 0 100110.011324545 99677.4800366613 99253.1394239877 98837.0949824815 98429.4519116843 98030.3150188405 97639.7886199659 97257.9764379773 96884.9814980044 96520.9060200285 96165.8513090052 95819.91764265 95483.2041570806 95155.8087305303 94837.8278653607 94529.3565686253 94230.4882314467 93941.314507491 93661.9251908366 93392.4080935511 93132.8489233037 92883.3311613522 92643.9359412581 92414.7419286905 92195.8252026901 91987.2591387715 91789.1142942453 91601.4582961458 91424.3557321519 91257.8680448847 91102.0534299645 90956.9667382033 90822.6593822992 90699.1792483905 90586.5706128132 90484.874064391 90394.1264325688 90314.36072168 90245.6060516204 90187.88760517 90141.2265821877 90105.640160868 90081.1414662267 90067.7395459488 90065.4393537021 90074.2417399886 90094.143450573 90125.1371324945
0 0 0 0 0 0 0 0 0 0 0 0 0 0 0 0 101010.61475919 100581.956399187 100161.447733879 99749.1918323405 99345.2914347911 98949.8488595213 98562.9659069806 98184.743761132 97815.2828881952 97454.6829329211 97103.04261255 96760.4596086295 96427.0304568783 96102.8504353032 95788.0134507903 95482.6119244091 95186.736675683 94900.4768060959 94623.9195821165 94357.150318041 94100.25225896 93853.3064641754 93616.3916913963 93389.5842820572 93172.9580481053 92966.5841606139 92770.5310405789 92584.8642522607 92409.646399432 92244.9370248936 92090.7925136118 91947.2659998307 91814.4072784993 91692.2627213478 91580.8751979319 91480.2840019515 91390.5247831318 91311.6294849388 91243.6262883784 91186.5395621074 91140.3898190605 91105.1936797723 91080.9638425469 91067.7090605988 91065.434126261 91074.1398623281 91093.8231205685 91124.476787414
0 0 0 0 0 0 0 0 0 0 0 0 0 0 0 0 0 0 0 100662.958419838 100262.739125223 99870.9292835062 99487.6282510022 99112.934746521 98746.9467534397 98389.7614194952 98041.4749544482 97702.1825257871 97371.978152653 97050.9545981865 96739.2032605075 96436.8140625576 96143.8753410472 95860.4737347638 95586.6940725113 95322.6192609623 95068.3301727179 94823.9055348778 94589.4218184356 94364.9531288203 94150.571097912 93946.3447778651 93752.3405370768 93568.6219586382 93395.2497416066 93232.2816054374 93079.7721979061 92937.7730068492 92806.3322760421 92685.4949255258 92575.3024766767 92475.7929823081 92387.0009620684 92308.9573433897 92241.6894082186 92185.2207457398 92139.5712112841 92104.7568915842 92080.7900765211 92067.6792374765 92065.4290123789 92074.0401975057 92093.5097460751 92123.8307736329
0 0 0 0 0 0 0 0 0 0 0 0 0 0 0 0 0 0 0 0 101181.751237669 100793.513891421 100413.734626487 100042.509768084 99679.9348904064 99326.1047198277 98981.1130361379 98645.0525719928 98318.0149107463 98000.0903828576 97691.3679610782 97391.9351546384 97101.8779026637 96821.2804670664 96550.2253251688 96288.7930623257 96037.0622648251 95795.1094133538 95563.0087773242 95340.8323103667 95128.6495472945 94926.5275028561 94734.5305725902 94552.7204361014 94381.1559630738 94219.8931223369 94068.984894295 93928.4811870267 93798.4287563504 93678.8711301468 93569.8485372141 93471.3978409208 93383.5524779081 93306.3424020722 93239.7940340457 93183.9302163725 93138.7701745535 93104.3294841159 93080.620043838 93067.650055236 93065.4240083952 93073.9426742034 93093.2031030162 93123.1986297611
0 0 0 0 0 0 0 0 0 0 0 0 0 0 0 0 0 0 0 0 0 0 101341.245444624 100973.430600956 100614.210459481 100263.677398364 99921.9228422957 99589.0371655446 99265.1095935462 98950.2281032098 98644.4793221383 98347.9484269718 98060.7190410759 97782.8731318084 97514.4909076075 97255.6507151558 97006.4289368849 96766.8998890913 96537.1357209439 96317.2063146687 96107.1791872021 95907.1193936065 95717.0894325461 95537.1491541198 95367.3556703501 95207.76326862 95058.4233283516 94919.3842412108 94790.6913351155 94672.3868023177 94564.5096318179 94467.0955463578 94380.176944225 94303.782846086 94237.9388470496 94182.6670741426 94137.9861493611 94103.9111584413 94080.4536254707 94067.6214934388 94065.4191108049 94073.8472241351 94092.9029768368 94122.579913998
0 0 0 0 0 0 0 0 0 0 0 0 0 0 0 0 0 0 0 0 0 0 0 0 0 0 0 100534.104910668 100213.23220637 99901.3391717361 99598.5101663914 99304.8281123496 99020.3743957869 98745.2287684845 98479.4692491733 98223.1720250236 97976.4113535289 97739.25946504 97511.7864662162 97294.0602446596 97086.1463750106 96888.1080267775 96700.005874183 96521.8980083045 96353.8398517883 96195.8840764124 96048.0805237726 95910.4761293552 95783.1148502602 95666.0375968225 95559.2821683754 95462.8831933841 95376.8720741681 95301.2769364123 95236.1225836566 95181.430456932 95137.2185996958 95103.5016281989 95080.2907073981 95067.5935325064 95065.4143162506 95073.7537818871 95092.6091620028 95121.9742031038
0 0 0 0 0 0 0 0 0 0 0 0 0 0 0 0 0 0 0 0 0 0 0 0 0 0 0 0 101162.353847055 100853.396050581 100553.434322224 100262.549404313 99980.8205212921 99708.3252851503 99445.1396008264 99191.3375718181 98946.9914062317 98712.1713235172 98486.945462137 98271.3797884229 98065.5380068808 97869.481472201 97683.2691032401 97506.9572992335 97340.5998585023 97184.2478999122 97037.9497873389 96901.7510573912 96775.694350633 96659.8193465395 96554.1627024137 96458.7579964759 96373.6356753299 96298.8230059939 96234.3440326699 96180.2195384102 96136.4670118228 96103.1006189385 96080.1311803452 96067.5661536757 96065.4096215146 96073.6622847693 96092.3214615321 96121.3810914353
0 0 0 0 0 0 0 0 0 0 0 0 0 0 0 0 0 0 0 0 0 0 0 0 0 0 0 0 0 101806.372205104 101509.226578783 101221.088413834 100942.034845449 100672.141418559 100411.481997115 100160.128673616 99918.1516791313 99685.6192940206 99462.5977596148 99249.151191078 99045.3414917026 98851.2282688814 98666.8687520032 98492.3177125178 98327.627386417 98172.847399373 98028.0246947734 97893.2034648863 97768.425085383 97653.7280534372 97549.1479296113 97454.7172837298 97370.4656449286 97296.4194560557 97232.6020325861 97179.0335261973 97135.7308931389 97102.7078675091 97079.9749395381 97067.5393389565 97065.4050235118 97073.5726726739 97092.0396865542 97120.8001900414
0 0 0 0 0 0 0 0 0 0 0 0 0 0 0 0 0 0 0 0 0 0 0 0 0 0 0 0 0 0 102465.862643379 102180.422128264 101903.995630048 101636.656696427 101378.477220196 101129.527352521 100889.875416728 100659.587822827 100438.728982997 100227.361228252 100025.54472652 99833.3374023702 99650.7948586163 99477.9703000244 99314.9144593654 99161.6755260296 99018.2990774337 98884.828013435 98761.3024939685 98647.7598801091 98544.2346787583 98450.7584911396 98367.3599652813 98294.0647526479 98230.8954690746 98177.8716601393 98135.009771097 98102.3231214828 98079.821884475 98067.5130710923 98065.4005192829 98073.4848879446 98091.7636558973 98120.2311258129
0 0 0 0 0 0 0 0 0 0 0 0 0 0 0 0 0 0 0 0 0 0 0 0 0 0 0 0 0 0 0 103140.528372407 102866.681933451 102601.851401699 102346.106765792 102099.516302348 101862.146493346 101634.061944264 101415.325303176 101205.997181034 101006.13607334 100815.798283426 100635.037847576 100463.906462179 100302.453413165 100150.725507899 100008.767009783 99876.6195757326 99754.3221967556 99641.9111418115 99539.419905137 99446.8791572149 99364.3166995487 99291.7574233971 99229.2232726088 99176.733210687 99134.3031921963 99101.9461386143 99079.6719187107 99067.4873335236 99065.3961059884 99073.3988752526 99091.4931956998 99119.6735406848
0 0 0 0 0 0 0 0 0 0 0 0 0 0 0 0 0 0 0 0 0 0 0 0 0 0 0 0 0 0 0 0 0 103567.706538695 103314.352810942 103070.078858039 102834.949384248 102609.027253548 102392.373412173 102185.046812322 101987.10433724 101798.600727876 101619.58851133 101450.11793128 101290.236880605 101139.990836402 100999.422797589 100868.573225285 100747.479986167 100636.178298968 100534.700684292 100443.076917918 100361.333987733 100289.496054451 100227.584416239 100175.617477372 100133.610721033 100101.576686333 100079.524949654 100067.462110353 100065.391780902 100073.31458148 100091.228139045 100119.127090886
0 0 0 0 0 0 0 0 0 0 0 0 0 0 0 0 0 0 0 0 0 0 0 0 0 0 0 0 0 0 0 0 104794.15110232 104534.203801026 104283.19818347 104041.198966714 103808.269138301 103584.4698811 103369.860499117 103164.498344467 102968.438745685 102781.734937597 102604.437992911 102436.596755747 102278.257777291 102129.465253748 101990.260966796 101860.68422671 101740.771818343 101630.55795011 101530.074206164 101439.349501895 101358.410042908 101287.279287602 101225.977913494 101174.523787373 101132.931939405 101101.214541265 101079.380888376 101067.437386311 101065.387541405 101073.231955612 101090.96832562 101118.591446232
0 0 0 0 0 0 0 0 0 0 0 0 0 0 0 0 0 0 0 0 0 0 0 0 0 0 0 0 0 0 0 106025.272330828 105758.895757685 105501.325541167 105252.626333037 105012.861160243 104782.091352096 104560.376468227 104347.774227513 104144.340438136 103950.128928987 103765.191482556 103589.577769532 103423.335285266 103266.509288283 103119.142741033 102981.276253036 102852.948026601 102734.193805281 102625.046825225 102525.537769563 102435.694725992 102355.543147673 102285.105817581 102224.402816413 102173.451494166 102132.266445474 102100.859488781 102079.239649433 102067.413146728 102065.383384982 102073.15094863 102090.713601387 102118.066289462
0 0 0 0 0 0 0 0 0 0 0 0 0 0 0 0 0 0 0 0 0 0 0 0 0 0 0 0 0 0 107260.909190612 106988.26243778 106724.289449562 106469.054741612 106222.621303708 105985.050529258 105756.402145439 105536.734144119 105326.102713738 105124.562172327 104932.164901816 104748.961283826 104574.999637098 104410.326156743 104254.984855479 104109.017507008 103972.463591727 103845.360244893 103727.742207426 103619.641779484 103521.08877696 103432.110491016 103352.731650809 103282.974389503 103222.858213679 103172.399976252 103131.613852971 103100.511322577 103079.101150696 103067.389377503 103065.379309215 103073.071513421 103090.463818286 103117.551315612
0 0 0 0 0 0 0 0 0 0 0 0 0 0 0 0 0 0 0 0 0 0 0 0 0 0 0 0 0 108500.907406193 108222.144531634 107951.925532083 107690.314723019 107437.374987484 107193.167707927 106957.752698523 106731.18813813 106513.530504042 106304.834506686 106105.153025442 105914.537045728 105733.035597534 105560.695695548 105397.562281044 105243.678165698 105099.083977471 104963.818108728 104837.916666732 104721.413426668 104614.339787324 104516.724729567 104428.594777746 104349.973964123 104280.883796465 104221.343228872 104171.368635959 104130.97379045 104100.16984427 104078.965313191 104067.366065078 104065.375311779 104072.993604681 104090.218833944 104117.046231426
0 0 0 0 0 0 0 0 0 0 0 0 0 0 0 0 0 0 0 0 0 0 0 0 0 0 0 110038.200260088 109745.119142209 109460.389340602 109184.076190875 108916.243750477 108656.954732644 108406.270440553 108164.250701832 107930.953803565 107706.43642794 107490.75358869 107283.958568478 107086.10285738 106897.236092614 106717.40599967 106546.658335008 106385.036830447 106232.583139421 106089.336785242 105955.335111504 105830.61323478 105715.203999747 105609.13793686 105512.443222708 105425.14564317 105347.268559475 105278.832877273 105219.857018812 105170.356898309 105130.345900583 105099.834863024 105078.83206095 105067.343196408 105065.371390437 105072.917178828 105089.978511404 105116.550754798
0 0 0 0 0 0 0 0 0 0 0 0 0 0 0 0 0 0 0 0 0 0 0 0 0 0 0 110993.402700828 110702.850469926 110420.590295584 110146.685925105 109881.199844843 109624.193216647 109375.725814549 109135.855961814 108904.640468514 108682.134569739 108468.391864605 108263.464256193 108067.401892571 107880.253109033 107702.064371708 107532.880222684 107372.743226782 107221.693920135 107079.770760688 106947.010080788 106823.446041956 106709.110592007 106604.033424611 106508.24194143 106421.761216927 106344.61396597 106276.820514305 106218.398772003 106169.364209958 106129.7298395 106099.506195193 106078.70132087 106067.320758945 106065.367543036 106072.842193928 106089.742718872 106116.064614246
0 0 0 0 0 0 0 0 0 0 0 0 0 0 0 0 0 0 0 0 0 0 0 0 0 112549.96246832 112245.622233915 111949.387536231 111661.322886646 111381.491675477 111109.95611066 110846.777156448 110592.014472248 110345.726351718 110107.969662268 109878.79978506 109658.270555685 109446.434205608 109243.341304543 109049.040703894 108863.579481376 108687.00288699 108519.354290444 108360.675130204 108211.004864256 108070.380922761 107938.838662685 107816.411324564 107703.129991501 107599.023550517 107504.118656371 107418.439697948 107342.008767305 107274.845631484 107216.967707156 107168.390038181 107129.125276156 107099.183663989 107078.573022577 107067.298740605 107065.363767506 107072.768609609 107089.511329473 107115.587548423
0 0 0 0 0 0 0 0 0 0 118948.892774886 118534.487603524 118127.094311544 117726.785692751 0 0 0 0 0 0 0 0 114454.650412614 114129.105227948 113811.415592596 113501.647469317 113199.865889089 112906.134892512 112620.517470951 112343.075507497 112073.869717886 111812.959591455 111560.40333227 111316.257800545 111080.578454453 110853.41929248 110634.832796425 110424.869875184 110223.579809449 110031.010197437 109847.206901801 109672.213997829 109506.073723077 109348.826428556 109200.510531595 109061.162470513 108930.81666121 108809.505455804 108697.259103416 108594.105713218 108500.071219848 108415.179351282 108339.451599264 108272.907192371 108215.563071798 108167.433869926 108128.531891741 108098.86709916 108078.447098301 108067.277129753 108065.36006185 108072.696386996 108089.284221029 108115.119305641
0 0 0 0 0 0 0 0 120701.274644816 120276.279290398 119858.120371547 119446.86968715 119042.598833852 118645.379160656 118255.281722359 0 0 0 0 0 116068.193789623 115729.906543832 115399.293445422 115076.420637597 114761.353450627 114454.156346016 114154.892860257 113863.625548264 113580.415926575 113305.324416429 113038.410286817 112779.731597612 112529.345142891 112287.306394562 112053.669446408 111828.486958661 111611.810103241 111403.688509763 111204.170212447 111013.30159804 110831.127354891 110657.69042328 110493.031947146 110337.191227308 110190.205676322 110052.110775071 109922.94003122 109802.724939619 109691.494944796 109589.277405605 109496.097562156 109411.978505096 109336.941147346 109271.004198354 109214.184140959 109166.495210911 109127.949379122 109098.556336694 109078.323482759 109067.255915182 109065.356424148 109072.625488639 109089.061275837 109114.659643432
0 0 0 0 0 0 0 0 121605.623338365 121183.799604447 120768.782993079 120360.64391938 119959.452581889 119565.278918275 119178.192559979 118798.262785791 0 0 0 0 117008.356693933 116672.79543781 116344.861744435 116024.620289791 115712.134940328 115407.468698985 115110.683650848 114821.840908532 114541.000557367 114268.221600501 114003.561904003 113747.07814207 113498.825742458 113258.858832214 113027.230183854 112803.99116207 112589.191671096 112382.88010284 112185.103285899 111995.906435577 111815.333105013 111643.425137549 111480.222620436 111325.763840005 111180.085238405 111043.22137203 110915.204871722 110796.06640488 110685.834639547 110584.536210592 110492.195688067 110408.835547834 110334.476144527 110269.135686944 110212.830215925 110165.573584776 110127.377442311 110098.251218536 110078.202113036 110067.235086091 110065.352852546 110072.555878447 110088.842380472 110114.208328131
