Input/ho_distance_noBay_id_8.asc
NCOLS 174 
NROWS 185 
XLLCORNER 428292.82952926 
YLLCORNER 6186935.0366855 
CELLSIZE 1000 
NODATA_value -9999 
[rows 116 to 144 of 185, columns 64 to 127 of 174]
0 23796.9326850953 22800.8698140548 21805.1673540011 20809.8770393896 19815.060975254 18820.7943645202 17827.1691406705 16834.2988754683 15842.3255138605 14851.4287779201 0 0 0 0 0 8948.68096966002 0 0 6069.25599001357 5140.18748012519 4243.48752671147 3404.82678676551 2679.27313023441 2182.69639778788 2085.62283825151 2436.28440087695 3085.63457662706 3886.7466857253 4763.66023741374 5681.38345088912 6622.97342396577 7579.54062150715 8546.05728342591 9519.49337675683 10497.9242333252 11480.0728337044 12465.0604220628 13452.2633926116 14441.227421612 15431.6139305401 16423.1655767016 17415.683352033 18409.0109912727 19403.0241131458 20397.6225034644 21392.7245308389 22388.2630391658 23384.1822813927 24380.4355996344 25376.983648307 26373.7930177849 27370.8351572158 28368.0855233835 29365.5229022151 30363.1288634594 31360.8873190406 32358.7841628217 33356.806974808 34354.9447767439 35353.1878289871 36351.5274607569 37349.9559275333 38348.4662906771
0 23904.4751426999 22913.087764561 21922.4827509339 20932.7711740112 19944.0860427856 18956.5879614596 17970.472620359 16985.9808447317 16003.4122710163 0 0 0 0 0 0 0 0 0 6478.10118023137 5617.06809286083 4810.10530221068 4089.34861278363 3508.33737479671 3145.48727447999 3078.92014388741 3326.47084925688 3827.67127238951 4498.52491690287 5274.6929281728 6116.21161709078 6999.55024294821 7910.71189350721 8841.0984453628 9785.22768151649 10739.475771081 11701.3673942902 12669.1616910779 13641.6024356817 14617.7623483116 15596.9431341605 16578.6095372548 17562.3447536847 18547.8196105579 19534.7708295828 20522.9854169133 21512.2892664021 22502.5387132181 23493.6141876553 24485.4153866525 25477.8575574054 26470.868606337 27464.3868278991 28458.3591039785 29452.739464259 30447.4879260677 31442.5695525439 32437.953682763 33433.6132983499 34429.5244992161 35425.6660671418 36422.0191005271 37418.5667071533 38415.2937444997
0 0 23068.1494172262 22084.5008228394 21102.3893351562 20122.0400235919 19143.7236129639 18167.7685153701 0 0 0 0 0 0 0 0 0 0 0 7006.83391627877 6219.43571305585 5501.5488407679 4883.92247132106 4408.89529977691 4126.01706527191 4075.49701035777 4265.59901302914 4667.01124901958 5231.31465857249 5912.04804746338 6673.67748501796 7491.57061186476 8349.20890211018 9235.5264251474 10143.0078087378 11066.4477799625 12002.1633685414 12947.4933706751 13900.4763818438 14859.6400595949 15823.8605200892 16792.2666968387 17764.1740555613 18739.0378337522 19716.419502367 20695.9623369351 21677.373367416 22660.4098632147 23644.8690888192 24630.5804496345 25617.3994063495 26605.2027130589 27593.8846569576 28583.3540635104 29573.5318921924 30564.3492918962 31555.7460170974 32547.6691293567 33540.0719261691 34532.9130522045 35526.1557578306 36519.7672773001 37513.7183047306 38507.9825504427
0 0 0 22290.2468183507 21317.6162429459 0 0 0 0 0 0 0 0 0 0 0 0 0 0 7630.57325233916 6914.57209217129 6276.70026975592 5743.05017694206 5344.93071923241 5114.09263231655 5073.4211840172 5227.35703476954 5559.75904401213 6041.23991296446 6639.44566545393 7325.83768609673 8077.96737190459 8879.1449993834 9717.24626520268 10583.5029190299 11471.5383927194 12376.6656315082 13295.394360931 14225.0894644356 15163.7340167162 16109.7637595415 17061.9502826247 18019.3175926636 18981.0817806519 19946.6068448324 20915.3719469876 21886.9468574161 22860.9733344378 23837.1508544204 24815.2255664726 25794.9816625916 26776.2345753087 27758.825571167 28742.6174199393 29727.4908999653 30713.3419586023 31700.0793898778 32687.6229234106 33675.901642593 34664.8526680861 35654.4200564059 36644.5538739 37635.209414532 38626.3465361947
0 0 0 0 0 0 0 0 0 0 0 0 0 0 0 0 0 0 0 8327.99944694482 7677.31944410505 7108.22712814901 6641.72808566217 6300.65163474332 6106.05192255305 6072.02842050611 6201.22473370818 6483.89136680081 6901.1960061278 7430.48890541627 8049.70958681333 8739.76449857515 9485.20651061824 10273.9866462632 11096.8671554685 11946.8037451293 12818.4156112663 13707.568633484 14611.0607725858 15526.3890186584 16451.577888374 17385.0531801245 18325.5486448367 19272.0365346477 20223.6755129061 21179.771252538 22139.746370913 23103.1172880821 24069.4762611361 25038.477320794 26009.825174392 26983.2663823518 27958.5822909438 28935.5833322571 29914.1043963632 30894.0010502854 31875.1464303077 32857.4286731643 33840.748781175 34825.0188388911 35810.1605160831 36796.1038052422 37782.7859521327 38770.1505460476
0 0 0 0 0 0 0 0 0 0 0 0 0 0 0 0 0 0 0 9082.15290651466 8489.47350993174 7978.52239041496 7565.8759303119 7268.29675036684 7100.26736890332 7071.02932877762 7182.27782997521 7427.70313660108 7794.64129668541 8266.92760356069 8827.66962799548 9461.152684507 10153.7711801121 10894.2520732997 11673.4907930368 12484.2319088374 13320.7246579214 14178.4119163845 15053.6714302257 15943.609459207 16845.8998467353 17758.6598791901 18680.3549153456 19609.7251082669 20545.7289449733 21487.4995506419 22434.3106869223 23385.5501337017 24340.6987186974 25299.3136897608 26261.0154455504 27225.4768790182 28192.4147661827 29161.5827658067 30132.7656955932 31105.7748259714 32080.4439897978 33056.6263499631 34034.1917004003 35013.0242018326 35993.0204736507 36974.0879789503 37956.1436520318 38939.1127273362
0 0 0 0 0 0 0 0 0 0 0 0 0 0 0 0 0 0 10489.5075665063 9880.05202649825 9338.15223183003 8876.18984493641 8507.19726007764 8243.66813259683 8095.90781437836 8070.27771501283 8167.92761084186 8384.55130072403 8711.27772333043 9136.30224059565 9646.6407463963 10229.5325772272 10873.3157687558 11567.8284420886 12304.4834887172 13076.1604832089 13877.0181249847 14702.288634756 15548.0850961845 16411.2342380674 17289.1372912368 18179.6569641386 19081.0268694396 19991.7794468325 20910.6887621932 21836.7251108731 22769.0189210329 23706.8319622187 24649.5342905986 25596.5857059475 26547.5207667389 27501.9366212446 28459.4830764277 29419.854453005 30382.7828727804 31348.0326998846 32315.3959160577 33284.6882555639 34255.7459607669 35228.4230471237 36202.5889881599 37178.1267481856 38154.9311041532 39132.9072089105
0 0 0 0 0 0 0 0 0 0 0 0 0 0 0 0 0 0 11276.5107908782 10711.9258154317 10214.2554174953 9793.70577423846 9460.5672055576 9224.3152000239 9092.50515358183 9069.69178232823 9156.6897995374 9350.43459650258 9644.49512426609 10030.0521065702 10497.028356589 11035.092359267 11634.3853484433 12285.9505735044 12981.9197560728 13715.534973585 14481.0758809611 15273.7427544356 16089.5269286326 16925.0859922694 17777.6318699717 18644.8345115411 19524.7410487636 20415.7089536414 21316.351262313 22225.491899997 23142.1293155006 24065.4068802893 24994.5887618179 25929.0402142253 26868.2114307863 27811.6242702212 28758.8613058041 29709.5567564546 30663.3889471388 31620.0740160746 32579.3606419855 33541.0256089326 34504.8700614507 35470.7163307441 36438.4052350626 37407.7937752704 38378.7531609832 39351.1671142064
0 0 0 0 0 0 0 0 0 0 0 0 0 0 0 0 13308.5800943884 12676.9066884343 12095.0246897553 11570.4486215665 11111.2978703134 10725.9777839296 10422.6800046759 10208.7177225346 10089.7758447307 10069.2221971427 10147.6546410465 10322.8171432256 10589.9108981611 10942.20598826 11371.7866207572 11870.2649509837 12429.3543301763 13041.2617535111 13698.9111677575 14396.0350875035 15127.1770432937 15887.6412458764 16673.4160691861 17481.0887096517 18307.7612376072 19150.9733588597 20008.6341275529 20878.9630659378 21760.4402015978 22651.7640996421 23551.816827675 24459.6348080439 25374.3846034026 26295.342801719 27221.8792907182 28153.4433271839 29089.5519084683 30029.7800407195 30973.752571371 31921.1373138714 32871.6392422032 33824.9955732159 34780.9715877316 35739.3570681555 36699.9632520747 37662.6202190203 38627.1746419626 39593.4878468568
0 0 0 0 0 0 0 0 0 0 0 0 0 0 0 0 14080.0650125541 13484.5797048432 12939.0706341217 12450.1087518668 12024.5942547693 11669.4698273037 11391.3206042526 11195.8851444355 11087.5381950147 11068.8374405098 11140.2343486549 11300.0212566823 11544.5285507894 11868.5213282241 12265.7024901565 12729.2229391881 13252.123440946 13827.6691728068 14449.570713731 15112.1061692152 15810.1679917752 16539.2584775338 17295.4540283044 18075.353083791 18876.0178046704 19694.9157708469 20529.8652279861 21378.9856012345 22240.6538662044 23113.4667121752 23996.2080861405 24887.8215513506 25787.3868515287 26694.1000913856 27607.2569942657 28526.2387602354 29450.5001122982 30379.5591792079 31312.9889180435 32250.409827474 33191.4837435532 34135.9085444796 35083.4136197662 36033.7559834402 36986.7169309826 37942.0991563613 38899.7242593013 39859.4305843447
0 0 0 0 0 0 0 0 0 0 0 0 0 0 0 0 0 0 0 13346.7274851294 12950.7062981457 12621.6660025272 12364.9549832529 12185.145497547 12085.6704346474 12068.5164338219 12134.0326343698 12280.8960190399 12506.2410855137 12805.9253920797 13174.8770091425 13607.4627783636 14097.8261559388 14640.1626145884 15228.9205277364 15858.9305912672 16525.4754411833 17224.3141406464 17951.6755951692 18704.2325619821 19479.0650389394 20273.6191601241 21085.6655789727 21913.2597293692 22754.7052502403 23608.5211329264 24473.4126991385 25348.2462549359 26232.027128291 27123.8807385284 28023.0363339955 28928.8130491894 29840.6079611906 30757.8858595969 31680.1704795052 32607.0369808272 33538.1054880498 34473.0355319353 35411.521258548 36353.2872915657 37298.0851514074 38245.6901496123 39195.8986895144 40148.5259148726
0 0 0 0 0 0 0 0 0 0 0 0 0 0 0 0 0 0 0 0 13887.0702543708 13580.7355952595 13342.4899612804 13176.0273764663 13084.0879118076 13068.2445470855 13128.77277589 13264.6271587056 13473.5293341422 13752.1508054744 14096.3580699069 14501.4816447682 14962.5742755741 15474.6336955222 16032.777272485 16632.3662215462 17269.0840864868 17938.9777926355 18638.4705194174 19364.3549430832 20113.7739228677 20884.1940346941 21673.3758223603 22479.343375548 23300.3548825831 24134.8751128493 24981.5503076041 25839.1856456405 26706.7252557926 27583.2346353163 28467.8852745586 29359.9412646543 30258.7476628243 31163.7204001864 32074.3375339151 32990.1316653637 33910.6833661098 34835.6154734644 35764.5881351036 36697.2944988062 37633.4569577475 38572.8238744476 39515.1667174475 40460.2775542407
0 0 0 0 0 0 0 0 0 0 0 0 0 0 0 0 0 0 0 0 0 0 14323.1269280094 14168.190570937 14082.7299595252 14068.0113083346 14124.2557761444 14250.6231543912 14445.273252763 14705.4948371522 15027.8820019333 15408.5332372212 15843.2495271983 16327.7130866386 16857.6354717413 17428.8706678497 18037.494055859 18679.8514681908 19352.5840634317 20052.6349637825 20777.243032925 21523.9282452751 22290.4720938402 23074.8955625977 23875.4364207926 24690.5269960329 25518.7731366606 26358.9347557687 27209.9081313663 28070.7099941543 28940.4633451925 29818.3848941044 30703.7739822236 31596.0028454549 32494.5080724191 33398.7831204526 34308.3717623782 35222.8623488221 36141.8827830343 37065.096116982 37992.1966885258 38922.9067295616 39856.9733840475 40794.1660828505
0 0 0 0 0 0 0 0 0 0 0 0 0 0 0 0 0 0 0 0 0 0 0 0 0 0 0 15238.4443732774 15420.6305310772 15664.6578333045 15967.6912574432 16326.4455149169 16737.3379666561 17196.6316838092 17700.5593224369 18245.4229708612 18827.6689593839 19443.939351445 20091.1034182095 20766.2730315218 21466.8058797351 22190.2999920404 22934.5824639401 23697.694652725 24477.8755391948 25273.5444678983 26083.2840921029 26905.824055172 27740.0257236072 28584.8681334183 29439.4352062575 30302.9042225651 31174.5354958253 32053.6631672418 32939.6870279229 33832.0652718103 34730.3080840719 35633.9719744105 36542.6547712614 37455.9912002087 38373.6489775032 39295.3253569321 40220.7440752365 41149.6526476736
0 0 0 0 0 0 0 0 0 0 0 0 0 0 0 0 0 0 0 0 0 0 0 0 0 0 0 0 16398.9564486582 16628.6328861849 16914.4048290807 17253.4851488199 17642.8004817565 18079.1058378889 18559.087449444 19079.4493110946 19636.9815672661 20228.611028236 20851.4355186925 21502.7445282854 22180.028884274 22880.982067336 23603.4954916485 24345.6496829062 25105.7028888121 25882.0782898095 26673.3506642557 27478.233107623 28295.5642066984 29124.2959199688 29963.4823058407 30812.2691626396 31669.8845910349 32535.6304544417 33408.8746911133 34289.0444192461 35175.6197705677 36068.1283864587 36966.1405121037 37869.2646273876 38777.1435574828 39689.451010768 40605.8884965552 41526.1825798278
0 0 0 0 0 0 0 0 0 0 0 0 0 0 0 0 0 0 0 0 0 0 0 0 0 0 0 0 0 17596.6291741489 17866.9252349426 18188.2565522248 18557.9722886976 18973.2441750637 19431.1516278657 19928.7559231285 20463.1613320657 21031.5627274977 21631.2803555219 22259.7832172218 22914.7028768917 23593.8395983941 24295.1626060265 25016.8060533672 25757.062025206 26514.3716355645 27287.3150435756 28074.6010006531 28875.0563705838 29687.61592757 30511.3126318982 31345.2685038739 32188.6861589359 33040.8410258727 33901.0742419102 34768.7861998953 35643.4307113183 36524.509742515 37411.5686785464 38304.1920688599 39201.9998100432 40104.6437232043 41011.8044863143 41923.188884938
0 0 0 0 0 0 0 0 0 0 0 0 0 0 0 0 0 0 0 0 0 0 0 0 0 0 0 0 0 0 18824.3710115379 19129.6263172741 19481.4851101518 19877.4727054419 20315.008742654 20791.4703489827 21304.2460164904 21850.779331403 22428.6026414529 23035.3614147186 23668.8304435439 24326.92322559 25007.6958691173 25709.3467777925 26430.2132189528 27168.7657036132 27923.6009303304 28693.4338825953 29477.0895278586 30273.4944479806 31081.668635233 31900.7176127583 32729.8249807033 33568.245446046 34415.298362567 35270.3617849751 36132.8670257641 37002.2936932303 37878.165182841 38760.0445907523 39647.5310168947 40540.2562250678 41437.8816284408 42340.0955704069
0 0 0 0 0 0 0 0 0 0 0 0 0 0 0 0 0 0 0 0 0 0 0 0 0 0 0 0 0 0 0 20076.6662986549 20412.2068558514 20790.4749292696 21209.1844926463 21665.990997451 22158.5384211177 22684.4987605781 23241.6037113876 23827.6688355304 24440.6109005939 25078.4592878579 25739.3624495881 26421.590383052 27123.534014363 27843.7022769392 28580.717547769 29333.3099837688 30100.3111887965 30880.6475437435 31673.3334491245 32477.4646614841 33292.2118504684 34116.8144608343 34950.5749310867 35792.8532960426 36643.0621827727 37500.6621966742 38365.1576856865 39236.0928649389 40113.0482806359 40995.6375901528 41883.504634661 42776.32078078
0 0 0 0 0 0 0 0 0 0 0 0 0 0 0 0 0 0 0 0 0 0 0 0 0 0 0 0 0 0 0 0 0 21711.1440143901 22112.4271275703 22550.9443822343 23024.5684343735 23531.1795422088 24068.6948068687 24635.0914097088 25228.424204124 25846.838237621 26488.5768953386 27151.9863914003 27835.5173125507 28537.7238601089 29257.2613580688 29992.88250957 30743.4327994027 31507.845361908 32285.1355643496 33074.3954966217 33874.7885089408 34685.5438992095 35505.9518199767 36335.358450152 37173.1614576908 38018.8057652798 38871.7796206527 39731.6109657677 40597.8640939844 41470.1365810646 42348.0564738297 43231.2797193096
0 0 0 0 0 0 0 0 0 0 0 0 0 0 0 0 0 0 0 0 0 0 0 0 0 0 0 0 0 0 0 0 22291.658574096 22638.5445875521 23023.6695620204 23445.1491605327 23901.060190254 24389.4718531719 24908.4723806015 25456.1909050374 26030.8147097287 26630.6021995513 27253.8920627727 27899.1091547344 28564.767646286 29249.4719566837 29951.9159454508 30670.8807806667 31405.2318399401 32153.9149401579 32915.9521362732 33690.4372796785 34476.5314838147 35273.4586086053 36080.50084563 36896.9944620158 37722.3257420397 38555.9271506609 39397.2737318915 40245.8797464301 41101.2955467663 41963.104683533 42830.9212338431 43704.3873403825
0 0 0 0 0 0 0 0 0 0 0 0 0 0 0 0 0 0 0 0 0 0 0 0 0 0 0 0 0 0 0 22944.7664959691 23238.9321745442 23571.8821410507 23941.9983863107 24347.5860361685 24786.9038979689 25258.1920157731 25759.6957079113 26289.685848688 26846.4753940108 27428.4323310638 28033.9893557493 28661.6506547824 29309.9962012162 29977.6839728126 30663.4504815154 31366.1099674612 32084.5525689449 32817.7417353466 33564.711106554 34324.5610419849 35096.4549460977 35879.6155057713 36673.3209281694 37476.9012454209 38289.734734228 39111.2444838574 39940.8951343681 40778.1897978945 41622.6671688832 42473.8988239854 43331.4867084972 44195.0608035241
0 0 0 0 0 0 0 0 0 0 0 0 0 0 0 0 0 0 0 0 0 0 0 0 0 0 0 0 0 0 23664.4580991204 23907.9952355597 24190.4504968813 24510.4784592342 24866.628508085 25257.3726348887 25681.131818441 26136.3002457246 26621.2668667963 27134.4340027889 27674.2329199966 28239.1364380844 28827.6687546403 29438.4127439946 30070.0150306631 30721.1891534626 31390.7171320017 32077.4497290521 32780.3056754873 33498.2700931989 34230.3923187484 34975.7832986475 35733.6126974655 36503.1058332163 37283.5405310374 38074.2439660727 38874.5895495573 39683.9938981079 40501.9139148212 41327.8440016184 42161.3134150328 43001.8837719831 43849.1467077487 44702.7216851076
0 0 0 0 0 0 0 0 0 0 0 0 0 0 0 0 0 0 0 0 0 0 0 0 0 0 0 0 0 24444.853133032 24640.1400920129 24874.1263728506 25145.731682953 25453.7518045883 25796.8823695443 26173.7425494831 26582.8978500303 27022.8813630905 27492.213010636 27989.4164869635 28513.0337624607 29061.637142421 29633.838976013 30228.2991832949 30843.7308147589 31478.9038823118 32132.6477074384 32803.8520260787 33491.4670745757 34194.5028603415 34912.0277973713 35643.1668624289 36387.0994040672 37143.0567145461 37910.3194547145 38688.2150042752 39476.1147945887 40273.4316682111 41079.6172985166 41894.1596938178 42716.5808031217 43546.4342348274 44383.3030950454 45226.7979486188
0 0 0 0 0 0 0 0 0 0 0 0 0 0 0 0 0 0 0 0 0 0 0 0 0 0 0 25169.6136880855 25280.3305410745 25429.9188226094 25617.6976011316 25842.8343925651 26104.3626334769 26401.2008734183 26732.1728749667 27096.0278578913 27491.4602146584 27917.1281437161 28371.6707800437 28853.7235363082 29361.9314924653 29894.9607798161 30451.5079936161 31030.3077352414 31630.138431602 32249.8266082288 32888.2498062658 33544.3383356695 34217.0760503639 34905.5003186447 35608.7013460674 36325.8209901985 37056.0511883075 37798.6321012942 38552.8500605014 39318.0353889411 40093.5601550242 40878.8359051853 41673.3114117607 42476.4704640123 43287.8297231292 44106.9366562352 44933.3675597063 45766.7256783155
0 0 0 0 0 0 0 0 0 0 0 0 0 0 0 0 0 0 0 0 0 0 0 0 0 0 0 26165.6144555495 26272.1342660809 26416.1067902426 26596.9238261124 26813.8400097887 27065.9874220222 27352.3917452859 27671.9893257804 28023.6445221642 28406.1667840478 28818.3269885964 29258.8726624965 29726.5418193692 30220.0752414223 30738.2271228473 31279.7740675067 31843.5224931662 32428.314538861 33033.0326020761 33656.6026501242 34297.9964576193 34956.2329215461 35630.3785992221 36319.5476043194 37022.9009835932 37739.6456832793 38469.0332001986 39210.3579990862 39962.955764996 40726.2015480642 41499.5078475886 42282.322673318 43074.1276140226 43874.435936746 44682.7907345339 45498.7631357674 46321.9505843956
0 0 0 0 0 0 0 0 0 0 0 0 0 0 0 0 0 0 0 0 0 0 0 0 0 27066.5474035463 27095.8234310556 27161.909109366 27264.5367744252 27403.2958707981 27577.641009358 27786.902358837 28030.2979248895 28306.9472182463 28615.8857957447 28956.0801721093 29326.4426412776 29725.8456069909 30153.13509586 30607.14320494 31086.6993137937 31590.6399632034 32117.8173658059 32667.106566113 33237.4113080472 33827.6686976626 34436.8527681805 35063.9770652997 35708.0963745533 36368.3077108752 37043.7506849863 37733.6073529943 38437.1016457857 39153.4984642111 39882.1025153577 40622.2569548274 41373.3418901899 42134.7727918529 42905.9988495733 43686.5013057593 44475.791790553 45273.4106784009 46078.9254813268 46891.9292903607
0 0 0 0 0 0 0 0 0 0 31685.0600299198 31233.4546305422 30807.699479459 30408.8803850977 0 0 0 0 0 0 0 0 28195.2289900589 28116.8383155073 28073.8714095313 28066.4909630225 28094.7250215399 28158.4664549485 28257.474978366 28391.381636185 28559.6955563259 28761.81269198 28997.0261990271 29264.5380528308 29563.4714893921 29892.8838615919 30251.7795281723 30639.1224365135 31053.8481148179 31494.8748496752 31961.1138863342 32451.4785474213 32964.8922184233 33500.2951931887 34056.6504091243 34632.9481296037 35228.2096508798 35841.4901233872 36471.8805838605 37118.5092963323 37780.5424979635 38457.1846408307 39147.678214135 39851.3032235583 40567.3763962436 41295.2501715757 42034.3115298864 42783.9807036473 43543.7098087495 44312.981427197 45091.3071669654 45878.2262198981 46673.3039342906 47476.1304152011
0 0 0 0 0 0 0 0 33524.6422443488 33037.6648186596 32574.1148111291 32135.0060648374 31721.3535941589 31334.1655849359 30974.4344897966 0 0 0 0 0 29443.6673380511 29300.4301226508 29190.7667667511 29115.0566458213 29073.5650127036 29066.438405942 29093.7020790573 29155.2595550693 29250.8943244814 29380.2736175227 29542.9540990575 29738.3892629971 29965.9382468839 30224.8757495309 30514.4027163093 30833.6574572596 31181.7268805007 31557.657554208 31960.4663509027 32389.1504739736 32842.6967145547 33320.0898339537 33820.320010332 34342.3893266002 34885.3173085512 35448.1455477832 36029.9414631129 36629.8012674634 37246.8522153535 37880.2542099562 38529.2008490888 39192.9199872623 39870.6738867863 40561.7590255278 41265.5056227778 41981.2769382022 42708.4683923522 43446.5065509192 44194.8480089884 44952.9782060778 45720.4101977949 46496.6834055198 47281.362361629 48074.0354643771
0 0 0 0 0 0 0 0 34395.2258931465 33920.7491559237 33469.4320590837 33042.2236148861 32640.0704728813 32263.90955128 31914.6599322584 31593.2141076247 0 0 0 0 30431.2252947991 30292.6580544088 30186.5995279339 30113.3932016699 30073.2789894434 30066.3893448385 30092.7470878606 30152.265028559 30244.7474020032 30369.8930598957 30527.3002987166 30716.4731469376 30936.8288879947 31187.706563702 31468.3761856582 31778.0483796696 32115.8841989309 32481.0048634223 32872.5012129619 33289.4426966674 33730.885759393 34195.8815235364 34683.482700419 35192.7496977542 35722.7559175843 36272.5922620072 36841.37088199 37428.2282177885 38032.3273884387 38652.8599930187 39289.0473885334 39940.1415089749 40605.4252879521 41284.2127437836 41975.8487815613 42679.7087617878 43395.1978800598 44121.7503971461 44858.8287538427 45605.922600306 46362.5477652342 47128.2451863226 47902.5798198872 48685.1395444152
