Input/ho_distance_noBay_id_21.asc
NCOLS 174 
NROWS 185 
XLLCORNER 428292.82952926 
YLLCORNER 6186935.0366855 
CELLSIZE 1000 
NODATA_value -9999 
[rows 116 to 144 of 185, columns 64 to 127 of 174]
0 33143.0196930572 33046.1104130713 32979.2521517911 32942.6278786307 32936.3384517535 32960.4012364379 33014.7498661658 33099.2351540639 33213.6271256624 33357.6181089276 0 0 0 0 0 34817.3037475934 0 0 35902.6686672138 36312.3570769822 36744.69942107 37198.9058253505 37674.1855076101 38169.751279257 38684.8235329937 39218.6337196667 39770.4273285553 40339.4663940219 40925.0315578735 41526.4237211858 42142.9653219844 42774.0012763419 43418.8996204075 44077.0518899068 44747.8732719675 45430.8025619467 46125.3019554463 46830.8567030288 47546.9746524228 48273.1857003105 49009.0411731874 49754.1131543283 50507.9937716023 51270.2944587872 52040.6452011239 52818.6937741533 53604.1049833527 54396.5599107593 55195.7551735941 56001.4021988902 56813.2265172502 57630.9670781161 58454.3755882947 59283.2158749502 60117.2632738256 60956.3040430847 61800.1348028587 62648.5620003366 63501.4014000364 64358.4775987365 65219.6235644272 66084.680198546 66953.4959206958
0 32149.4895916463 32049.5762852163 31980.6347516808 31942.8655286112 31936.3792130144 31961.1948508809 32017.239658573 32104.3500855105 32222.2741821793 0 0 0 0 0 0 0 0 0 34987.5912868654 35407.8692258551 35851.1207938298 36316.5048047344 36803.1816598894 37310.3181351934 37837.0915690921 38382.6934628926 38946.3325170021 39527.2371357197 40124.6574395588 40737.8668280564 41366.1631379921 42008.8694422678 42665.3345337408 43334.9331363802 44017.0658835077 44711.1590998442 45416.6644207839 46133.0582789459 46859.8412846986 47596.5375241273 48342.693794866 49097.8787973849 49861.6822967419 50633.7142674695 51413.6040321845 52200.9994026626 52995.5658305042 53796.9855731139 54604.9568795026 55419.1931993859 56239.4224181702 57065.3861196777 57896.8388778388 58733.547578066 59575.2907686019 60421.858041788 61273.0494449273 62128.674920193 62988.5537728685 63852.5141670715 64720.3926480254 65592.0336898705 66467.2892679672
0 0 31053.2649924432 30982.106541509 30943.1185372117 30936.4226093848 30962.03970873 31019.8897803248 0 0 0 0 0 0 0 0 0 0 0 34077.2867271697 34508.652969136 34963.3063196657 35440.3505606434 35938.8940692367 36458.0548847348 36996.9650787312 37554.774451398 38130.6535893879 38723.7963300658 39333.4216827234 39958.775260629 40599.1302787138 41253.7881708638 41922.0788786174 42603.3608599549 43297.0208631271 44002.4735063903 44719.1607002982 45446.5509450125 46184.13853106 46931.4426681586 47688.0065632144 48453.3964653841 49227.2006932165 50009.028656321 50798.5098817599 51595.2930533957 52399.0450707291 53209.4501323103 54026.2088475708 54849.0373798835 55677.6666227885 56511.8414106008 57351.3197640248 58195.872170919 59045.2809019693 59899.3393607223 60757.8514671931 61620.6310740812 62487.5014144952 63358.2945799921 64232.8510276757 65111.019115063 65992.6546614138
0 0 0 29983.6764319924 29943.3884428088 0 0 0 0 0 0 0 0 0 0 0 0 0 0 33172.1479153029 33615.1313603451 34081.7064630247 34570.9180452342 35081.8191311228 35613.4762780515 36164.9741001685 36735.4190220334 37323.9423129832 37929.7024618098 38551.8869564116 39189.7135350395 39842.4309752427 40509.319484231 41189.690750648 41882.8877131525 42588.284096111 43305.2837574075 44033.319888104 44771.8540986033 45520.3754211797 46278.3992543353 47045.4662704301 47821.1413044555 48605.012238649 49396.6888948818 50195.8019443485 51002.0018420334 51814.9577916773 52634.356745493 53459.9024416463 54291.3144814975 55128.3274477594 55970.6900640496 56818.1643957671 57670.5250917914 58527.5586661656 59389.0628186704 60254.8457930024 61124.7257711396 61998.5303023833 62876.0957655138 63757.2668624729 64641.8961419844 65529.8435515424
0 0 0 0 0 0 0 0 0 0 0 0 0 0 0 0 0 0 0 32272.6095000658 32727.7708223804 33206.8161987983 33708.7273731788 34232.4985967694 34777.1421947856 35341.6932007347 35925.2131149333 36526.7928569139 37145.5549893984 37780.6552951234 38431.2837879176 39096.6652368968 39776.0592782203 40468.7601831711 41174.0963449295 41891.4295397049 42620.154011202 43359.6954209448 44109.5097009207 44869.0818394375 45637.924626046 46415.577376902 47201.6046579955 47995.5950202539 48797.1597575795 49605.9316963734 50421.5640229831 51243.7291537443 52072.1176508198 52906.437185841 53746.4115523805 54591.7797275046 55442.2949820342 56297.7240386627 57157.8462767094 58022.4529820177 58891.3466403085 59764.3402721681 60641.2568077709 61521.9284993939 62406.1963697761 63293.9096943899 64184.9255157323 65079.1081877942
0 0 0 0 0 0 0 0 0 0 0 0 0 0 0 0 0 0 0 31379.1531207064 31847.0863601563 32339.1800868509 32854.3486885419 33391.5241761561 33949.6619403689 34527.7454364437 35124.7898781242 35739.845033812 36371.9972245052 37020.3706242649 37684.1279614701 38362.4707139018 39054.6388836652 39759.9104298792 40477.6004285152 41207.0600202084 41947.675198604 42698.8654840629 43460.0825204534 44230.8086263764 45010.5553265193 45798.861883896 46595.2938494726 47399.4416420407 48210.9191681276 49029.3624891682 49854.4285410311 50685.7939092533 51523.15366192 52366.2202409945 53214.722412006 54068.404271306 54927.0243095682 55790.3545298147 56658.1796179593 57530.2961636689 58406.5119292188 59286.6451639532 60170.5239619452 61057.9856604649 61948.8762769113 62843.0499819239 63740.3686064734 64640.7011808166
0 0 0 0 0 0 0 0 0 0 0 0 0 0 0 0 0 0 30036.5696800286 30492.3134117721 30973.64744844 31479.3979503861 32008.4075576605 32559.5425864034 33131.6989074562 33723.806599387 34334.8334874567 34963.7876905506 35609.719301455 36271.7213237384 36948.9299824157 37640.5245168552 38345.726554109 39063.7991498653 39794.0455731701 40535.8079003991 41288.4654739865 42051.4332723047 42824.1602289364 43606.1275324023 44396.8469311803 45195.8590635157 46002.7318270089 46817.0587991836 47638.4577171085 48466.5690215767 49301.0544692685 50141.5958146557 50987.893562088 51839.6657874772 52696.647028211 53558.5872393436 54425.2508136885 55296.415663146 56171.8723584139 57051.4233241245 57934.8820864165 58822.0725699588 59712.8284415001 60606.9924970918 61504.4160902374 62404.9585983324 63308.4869248831 64214.8750351242
0 0 0 0 0 0 0 0 0 0 0 0 0 0 0 0 0 0 29143.1886514193 29612.6848467128 30108.0846765326 30628.1312186652 31171.5909283805 31737.2610674711 32323.9756082592 32930.6097450663 33556.0831629732 34199.3622206452 34859.4612029133 35535.4427918935 36226.4178946036 36931.5449518833 37650.0288391854 38381.1194554043 39124.110082001 39878.3355817047 40643.1704942611 41418.0270761911 42202.3533223281 42995.630998988 43797.373711898 44607.1250263697 45424.4566525203 46248.9667045137 47080.2780396817 47918.0366809019 48761.9103236407 49611.5869275444 50466.77339129 51327.1943085372 52192.5908021901 53062.7194337359 53937.351184146 54816.2705026566 55699.2744196811 56586.1717201072 57476.7821732913 58370.9358161619 59268.4722859719 60169.2401993871 61073.0965747608 61979.9062946095 62889.5416054776 63801.881652547
0 0 0 0 0 0 0 0 0 0 0 0 0 0 0 0 27373.0534154335 27800.5343895166 28256.9526205713 28740.9295336761 29251.0972361423 29786.1099940354 30344.6536911413 30925.4533789533 31527.2790730874 32148.9499799115 32789.3373502633 33447.3661583075 34122.0157960577 34812.3199606825 35517.3658947768 36236.293121151 36968.2917947326 37712.6007758549 38468.5055121399 39235.3358007301 40012.4634889502 40799.3001595995 41595.2948369358 42399.9317408665 43212.7281097671 44033.2321065258 44861.0208176954 45695.6983518604 46536.8940403497 47384.2607411074 48237.4732447687 49096.2267806631 49960.2356195086 50829.231768888 51702.9637571567 52581.1955011711 53463.7052531051 54350.2846216045 55240.7376625977 56134.8800352014 57032.5382183274 57933.5487837876 58837.7577219086 59745.0198158854 60655.1980613291 61568.1631276878 62483.7928584373 63401.9718071498
0 0 0 0 0 0 0 0 0 0 0 0 0 0 0 0 26465.3354392717 26907.2413853909 27378.5554408959 27877.7860865732 28403.4613409573 28954.1408991145 29528.425868378 30124.9662791979 30742.466595596 31379.689473286 32035.4580191758 32708.656798421 33398.2318186968 34103.1896994098 34822.5962089626 35555.5743279584 36301.3019718232 37059.0094836332 37827.9769874961 38607.5316748566 39397.0450806095 40195.9303927909 41003.6398286861 41819.6621012071 42643.519992112 43474.7680428105 44312.9903689053 45157.7986010525 46008.8299519966 46865.7454076029 47728.2280382247 48595.9814257033 49468.7282006099 50346.2086839152 51228.1796270652 52114.4130443909 53004.6951318456 53898.8252662191 54796.6150791902 55697.8876008369 56602.4764675008 57510.2251892 58420.9864720805 59334.6215916941 60250.999813182 61169.997854721 62091.4993908594 63015.3945926201
0 0 0 0 0 0 0 0 0 0 0 0 0 0 0 0 0 0 0 27024.0797015871 27566.0396643452 28133.1157505665 28723.820443898 29336.7264695946 29970.4717849141 30623.7626373516 31295.3750117709 31984.154767414 32689.0167371919 33408.9430288199 34142.9807334019 34890.2392141409 35649.8871173317 36421.1492204325 37203.303208123 37995.6764468545 38797.6428112917 39608.6196019388 40428.0645817929 41255.4731507001 42090.3756688706 42932.3349353978 43780.9438233542 44635.8230698417 45496.6192170444 46363.0026986956 47234.6660652722 48111.3223405499 48992.7035017952 49878.5590757525 50768.6548426473 51662.7716406154 52560.7042632507 53462.2604433016 54367.2599159268 55275.5335553123 56186.9225788615 57101.2778135612 58018.4590195225 58938.3342660661 59860.779356078 60785.6772947014 61712.9177987405 62642.3968434527
0 0 0 0 0 0 0 0 0 0 0 0 0 0 0 0 0 0 0 0 26739.7918728858 27324.0210888473 27931.8418211598 28561.7479608796 29212.3108575705 29882.1813912213 30570.0903458981 31274.8474467086 31995.3393773751 32730.5270494065 33479.4423488572 34241.1845450617 35014.9165086466 35799.8608540035 36595.2960942323 37400.5528740292 38215.0103276392 39038.0925942866 39869.265511903 40708.0335009828 41553.9366435438 42406.547957057 43265.4708594821 44130.3368189187 45000.8031796071 45876.5511549011 46757.2839772241 47642.7251947797 48532.6171048277 49426.719313569 50324.8074130528 51226.6717659792 52132.1163897831 53040.9579319267 53953.0247288781 54868.1559417979 55786.2007624823 56707.0176836209 57630.4738279065 58556.4443309832 59484.8117736457 60415.4656590891 61348.3019313746 62283.2225316065
0 0 0 0 0 0 0 0 0 0 0 0 0 0 0 0 0 0 0 0 0 0 27153.5948660816 27801.1397825667 28469.0890663599 29156.0403917756 29860.6823496278 30581.7921228284 31318.2322058959 32068.9464678984 32832.955800833 33609.3535444818 34397.3008350436 35196.0219882164 36004.7999974105 36822.9722036673 37649.9261748356 38485.0958168106 39327.9577284101 40178.0278030932 41034.8580746255 41898.0337994896 42767.1707659239 43641.9128176139 44521.9295790146 45406.9143688189 46296.5822880672 47190.6684696699 48088.9264766101 48991.1268367174 49897.0557026149 50806.5136261914 51719.3144377117 52635.2842204297 53554.2603722984 54476.0907470649 55400.6328676936 56327.7532056756 57257.3265203503 58189.2352528931 59123.368970104 60059.6238535805 60997.9022302579 61938.1121406733
0 0 0 0 0 0 0 0 0 0 0 0 0 0 0 0 0 0 0 0 0 0 0 0 0 0 0 29906.1187062596 30658.7931127664 31425.264584247 32204.5480211794 32995.735668522 33797.991528573 34610.5459422993 35432.6904070596 36263.7726738553 37103.1921483795 37950.3956060815 38804.8732212413 39666.1549028278 40533.8069250059 41407.4288370115 42286.6506352855 43171.1301798924 44060.5508370893 44954.6193302341 45853.0637818758 46755.6319307449 47662.0895083484 48572.2187609371 49485.8171036799 50402.6958949358 51322.6793195357 52245.603370948 53171.3149231137 54099.670883578 55030.5374203267 55963.7892554507 56899.3090194162 57836.9866603157 58776.7189030151 59718.4087536044 60661.9650450024 61607.3020199685
0 0 0 0 0 0 0 0 0 0 0 0 0 0 0 0 0 0 0 0 0 0 0 0 0 0 0 0 30018.1865168503 30800.6035788088 31595.2977494666 32401.3656955378 33217.9794387692 34044.3801096893 34879.8720770523 35723.8174775604 36575.6311528396 37434.775988205 38300.7586392961 39173.1256271967 40051.4597794219 40935.3769925375 41824.5232917208 42718.5721629154 43617.222134115 44520.1945835286 45427.2317538035 46338.0949529897 47252.5629244681 48170.4303695673 49091.5066080463 50015.6143629804 50942.5886578695 51872.2758149612 52804.5325448672 53739.2251185338 54676.2286135298 55615.4262274191 56556.7086517242 57499.973500642 58445.1247892675 59392.0724566131 60340.7319291877 61291.0237213298
0 0 0 0 0 0 0 0 0 0 0 0 0 0 0 0 0 0 0 0 0 0 0 0 0 0 0 0 0 30196.1439168635 31006.3342965022 31827.3219980094 32658.2927389582 33498.503603624 34347.2764966967 35203.992128721 36068.0845188315 36939.0359906169 37816.3726311053 38699.6601798147 39588.5003137483 40482.5272945029 41381.4049448384 42284.8239238052 43192.4992715834 44104.1681973966 45019.5880861073 45938.5347012864 46860.800564649 47786.1934937104 48714.5352813393 49645.6605025593 50579.4154354703 51515.6570845448 52454.2522957952 53395.0769544295 54338.0152566136 55282.9590478521 56229.807221304 57178.465170058 58128.8442880301 59080.861514712 60034.4389194993 60989.5033217816
0 0 0 0 0 0 0 0 0 0 0 0 0 0 0 0 0 0 0 0 0 0 0 0 0 0 0 0 0 0 30438.8352788908 31274.7238547996 32119.9939485127 32973.9240963373 33835.8586320715 34705.2011725627 35581.4087338679 36463.9864324389 37352.482723423 38246.4851282066 39145.6164049137 40049.5311180939 40957.9125668984 41870.4700343358 42786.9363235408 43707.0655502432 44630.6311637173 45557.4241713718 46487.2515447925 47419.9347874639 48355.3086465783 49293.2199532996 50233.5265776044 51176.0964853848 52120.8068868847 53067.5434667788 54016.199687288 54966.6761566996 55918.880056507 56872.7246211445 57828.128664959 58785.0161516485 59743.3158019212 60702.9607355903
0 0 0 0 0 0 0 0 0 0 0 0 0 0 0 0 0 0 0 0 0 0 0 0 0 0 0 0 0 0 0 30744.7276589494 31604.1759563747 32471.6737625274 33346.5928694152 34228.3641890326 35116.471549909 36010.4461673844 36909.8617205837 37814.3299727911 38723.496876569 39637.0391100063 40554.6609955834 41476.0917580865 42401.0830826729 43329.4069385014 44260.8536372806 45195.2300996387 46132.3583054 47072.0739066841 48014.2249852567 48958.6709377754 49905.2814745282 50853.9357189826 51804.5213969682 52756.9341056458 53711.0766535728 54666.8584641965 55624.1950360004 56583.0074533117 57543.2219424673 58504.7694686388 59467.5853691496 60431.6090195819
0 0 0 0 0 0 0 0 0 0 0 0 0 0 0 0 0 0 0 0 0 0 0 0 0 0 0 0 0 0 0 0 0 31992.804246721 32880.4681023177 33774.4110486926 34674.1474407745 35579.2377630984 36489.2836167225 37403.9232958273 38322.8278833732 39245.6978029079 40172.259770838 41102.2641000981 42035.4823121221 42971.7050193642 43910.7400453439 44852.4107533619 45796.5545586872 46743.0216022171 47691.6735663978 48642.3826166274 49595.0304534728 50549.5074628765 51505.7119531216 52463.5494687164 53422.9321725696 54383.7782888748 55346.0116000423 56309.5609918114 57274.360041375 58240.346643951 59207.4626737719 60175.6536759229
0 0 0 0 0 0 0 0 0 0 0 0 0 0 0 0 0 0 0 0 0 0 0 0 0 0 0 0 0 0 0 0 30644.474071837 31538.3805893392 32438.4819197281 33344.2763951334 34255.3123963798 35171.1826134989 36091.5190244275 37015.9884988788 37944.2889458697 38876.1459338007 39811.3097212926 40749.5526451912 41690.6668193461 42634.4621040333 43580.7643113194 44529.4136163647 45480.2631487089 46433.1777410757 47388.032816238 48344.7133950691 49303.1132111339 50263.1339190903 51224.6843858206 52187.6800546398 53152.042374155 54117.6982844105 55084.579753875 56052.6233616191 57021.769919725 57991.9641315637 58963.1542821031 59935.2919568564
0 0 0 0 0 0 0 0 0 0 0 0 0 0 0 0 0 0 0 0 0 0 0 0 0 0 0 0 0 0 0 29302.3558559712 30202.8759850529 31109.4740686339 32021.6338728293 32938.8933472885 33860.8380581841 34787.0954961907 35717.3301370582 36651.2391492856 37588.5486582902 38529.0104894373 39472.399323498 40418.510207728 41367.1563739971 42318.1673224308 43271.3871350084 44226.6729886648 45183.8938417752 46142.929271594 47103.6684433585 48066.0091944439 49029.8572192383 49995.1253423512 50961.7328694377 51929.6050063396 52898.6723384715 53868.870363425 54840.1390706662 55812.422562979 56785.6687149764 57759.82886458 58734.8575338707 59710.7121761465
0 0 0 0 0 0 0 0 0 0 0 0 0 0 0 0 0 0 0 0 0 0 0 0 0 0 0 0 0 0 27967.3439260944 28874.8677111942 29788.313889804 30707.1539458805 31630.9178259899 32559.1864390535 33491.5852212398 34427.7786052206 35367.4652576151 36310.3739695301 37256.2601030437 38204.9025116433 39156.1008654167 40109.6733225441 41065.4544976642 42023.2936852676 42983.0533026304 43944.6075221442 44907.8410673883 45872.6481510751 46838.9315361788 47806.601704256 48775.576117232 49745.7785608629 50717.1385597111 51689.590854866 52663.0749368281 53637.5346269801 54612.9177019413 55589.1755558358 56566.2628961473 57544.1374693771 58522.7598131965 59502.0930321918
0 0 0 0 0 0 0 0 0 0 0 0 0 0 0 0 0 0 0 0 0 0 0 0 0 0 0 0 0 26640.5066365286 27555.4396246811 28476.0936922178 29401.9314166006 30332.478139529 31267.3134302186 32206.0638421097 33148.3967524912 34094.0151099733 35042.6529443421 35994.0715179059 36948.0560178022 37904.4127055567 38862.9664540895 39823.5586138432 40786.0451592052 41750.2950742536 42716.188943371 43683.6177176787 44652.481632747 45622.6892567868 46594.1566516645 47566.8066317087 48540.5681074798 49515.3755035283 50491.1682407323 51467.8902751264 52445.4896862539 53423.9183090261 54403.1314038816 55383.0873607325 56363.7474327697 57345.0754967117 58327.0378365136 59309.6029479258
0 0 0 0 0 0 0 0 0 0 0 0 0 0 0 0 0 0 0 0 0 0 0 0 0 0 0 24406.4582101313 25323.1289816524 26245.8857819645 27174.1086245427 28107.255977718 29044.8532042337 29986.4829000336 30931.7767962419 31880.4089501852 32832.0900018498 33786.5623132642 34743.5958416311 35702.9846240497 36664.5437735648 37628.106904044 38593.5239158163 39560.6590857535 40529.3894150619 41499.6031958891 42471.1987642775 43444.0834122817 44418.172436423 45393.3883032576 46369.6599158205 47346.921967192 48325.1143695066 49304.1817484522 50284.0729947657 51264.7408654472 52246.1416284492 53228.2347454665 54210.9825881897 55194.3501840137 56178.3049877268 57162.8166761626 58147.8569631856 59133.39943272
0 0 0 0 0 0 0 0 0 0 0 0 0 0 0 0 0 0 0 0 0 0 0 0 0 0 0 24016.7676632782 24947.7611831283 25883.9032433079 26824.6548191667 27769.5474436651 28718.1723701994 29670.1716095982 30625.2304873208 31583.0714380354 32543.4488110674 33506.1445048082 34470.9642835185 35437.7346580467 36406.3002343364 37376.5214514562 38348.2726451882 39321.4403847088 40295.9220391683 41271.6245384798 42248.4632987256 43226.3612875556 44205.2482090171 45185.0597905915 46165.73715796 47147.2262852903 48129.4775107199 49112.4451082758 50096.0869087789 51080.363963371 52065.240244226 53050.6823777743 54036.6594064253 55023.1425753249 56010.1051411533 56997.5222003691 57985.3705346451 58973.6284715347
0 0 0 0 0 0 0 0 0 0 0 0 0 0 0 0 0 0 0 0 0 0 0 0 0 21789.0738101426 22723.3227447564 23662.9468921537 24607.330506973 25555.9459566247 26508.3389294095 27464.1164404567 28422.9370564248 29384.5028879511 30348.5529973099 31314.8579445771 32283.2152541776 33253.4456290786 34225.3897752035 35198.9057262172 36173.86658047 37150.158578937 38127.6794664806 39106.3370894949 40086.0481915557 41066.7373755725 42048.3362064751 43030.7824329431 44014.0193103266 44997.9950098705 45982.662101784 46967.9771016952 47953.9000716718 48940.3942683588 49927.4258319105 50914.9635103419 51902.9784147111 52891.4438012094 53880.3348767898 54869.6286254384 55859.3036525881 56849.3400455148 57839.7192478412 58830.4239465228
0 0 0 0 0 0 0 0 0 0 8724.03451707076 9364.53081118121 10063.8012883841 10810.4465879353 0 0 0 0 0 0 0 0 18631.6045191305 19563.2907767534 20501.4147090957 21445.1314785628 22393.7340162681 23346.6267852528 24303.3051519419 25263.3390581476 26226.3600109783 27192.0506487459 28160.1363196715 29130.3782433563 30102.5679246726 31076.5225647601 32052.0812705909 33029.1019077886 34007.4584744818 34987.0388994571 35967.7431876208 36949.4818511595 37932.1745768376 38915.7490893623 39900.1401782591 40885.2888616828 41871.1416653734 42857.6499988075 43844.7696137043 44832.4601325571 45820.6846369175 46809.4093068303 47798.6031042005 48788.2374940047 49778.2861982002 50768.724977967 51759.5314405663 52750.684867644 53742.1660622644 54733.9572123424 55726.0417684681 56718.4043343919 57711.0305686711 58703.9070961772
0 0 0 0 0 0 0 0 6787.2959834533 7324.82394501884 7952.27671073143 8650.1077416736 9402.66042144891 10197.8273205424 11026.3929332362 0 0 0 0 0 16404.1243432633 17340.1543974603 18282.9596506223 19231.5436885551 20185.0918180553 21142.9324068787 22104.5074548239 23069.3499882178 24037.0665418516 25007.323467255 25979.8361437181 26954.3604100146 27930.6857089382 28908.6295633329 29888.0330950119 30868.7573664222 31850.6803758658 32833.6945753 33817.7048086147 34802.6265902607 35788.3846609433 36774.9117700935 37762.1476449193 38750.0381137258 39738.5343573933 40727.592267801 41717.1718958844 42707.2369751227 43697.7545087594 44688.6944110737 45680.0291946584 46671.7336969966 47663.7848407141 48656.161422788 49648.8439287253 50641.8143683404 51635.0561302684 52628.5538527755 53622.2933087816 54616.2613033108 55610.4455818333 56604.8347481782 57599.4181908731 58594.1860169216
0 0 0 0 0 0 0 0 5932.73237185032 6540.8693959229 7236.61740822609 7997.14265044466 8805.6771250189 9650.16107060402 10521.9422041333 11414.7679260527 0 0 0 0 16069.3877325255 17023.8327399197 17983.2294156328 18946.8255724753 19914.01160822 20884.2887690925 21857.2453993947 22832.5389632402 23809.8822879577 24789.0329304094 25769.7848784859 26751.9620166814 27735.4129372628 28720.0067872381 29705.6299195544 30692.1831738318 31679.5796536912 32667.742898662 33656.6053717781 34646.1072013888 35636.1951289506 36626.8216246942 37617.9441408709 38609.5244783487 39601.5282470604 40593.9244045368 41586.6848596972 42579.7841314195 43573.1990532805 44566.9085173666 45560.8932512725 46555.1356233914 47549.6194724089 48544.3299575698 49539.2534268324 50534.3773004719 51529.6899680656 52525.1806971046 53520.8395517298 54516.6573203138 55512.6254507841 56508.7359927433 57504.9815455677 58501.3552117778
