Input/ho_distance_noBay_id_21.asc
NCOLS 174 
NROWS 185 
XLLCORNER 428292.82952926 
YLLCORNER 6186935.0366855 
CELLSIZE 1000 
NODATA_value -9999 
[rows 87 to 115 of 185, columns 64 to 127 of 174]
0 0 0 0 0 0 0 0 0 0 0 0 0 0 0 0 0 0 0 0 0 0 0 0 0 0 0 0 0 0 0 0 0 0 0 0 0 0 0 0 0 0 72295.9466604644 72816.8219753598 73347.6326928808 73888.1646862898 74438.2061831611 74997.5479520852 75565.9834706321 76143.3090753374 76729.3240945134 77323.8309647123 77926.6353316882 78537.5461367137 79156.3756891064 79782.9397258178 80417.0574589247 81058.5516118473 81707.2484450984 82362.9777723436 83025.5729675266 83694.8709637849 84370.712244849 85052.9408295894
0 0 0 0 0 0 0 0 0 0 0 0 0 0 0 0 0 0 0 0 0 0 0 0 0 0 0 0 0 0 0 0 0 0 0 0 0 0 0 0 0 70924.2424781766 71441.1214229012 71968.1838677359 72505.2077321261 73051.9733295226 73608.263574111 74173.8641669309 74748.5637622077 75332.1541147693 75924.4302094515 76525.1903734215 77134.2363723588 77751.3734914403 78376.410602068 79009.1602152717 79649.4385226977 80297.0654260759 80951.8645560313 81613.6632810742 82282.2927075752 82957.5876714939 83639.3867225969 84327.5321018624
0 0 0 0 0 0 0 0 0 0 0 0 0 0 0 0 0 0 0 0 0 0 0 0 0 0 0 0 0 0 0 0 0 0 0 0 0 0 0 0 0 70066.9543917259 70590.110899408 71123.4800600282 71666.8338557506 72219.9469258063 72782.5967730253 73354.5639485596 73935.6322157445 74525.5886940879 75124.2239844038 75731.3322761286 76346.7114378604 76970.1630921647 77601.4926756758 78240.5094855055 78887.026712952 79540.8614654664 80201.8347778094 80869.7716132892 81544.500855938 82225.8552944425 82913.6715986038 83607.7902890612
0 0 0 0 0 0 0 0 0 0 0 0 0 0 0 0 0 0 0 0 0 0 0 0 0 0 0 0 0 0 0 0 0 0 0 0 0 0 0 0 68694.4129118422 69213.4959697976 69743.0547324944 70282.8524071002 70832.6549095596 71392.2310941133 71961.35295875 72539.7958276167 73127.338511468 73723.7634472723 74328.8568181152 74942.4086545555 75564.2129185828 76194.0675713237 76831.7746256193 77477.1401845762 78129.9744671595 78790.0918218625 79457.3107294479 80131.4537957134 80812.3477351888 81499.8233466282 82193.7154811128 82893.8630035338
0 0 0 0 0 0 0 0 0 0 0 0 0 0 0 0 0 0 0 0 0 0 0 0 0 0 0 0 0 0 0 0 0 0 0 0 0 0 66819.7648440537 67323.5964047759 67838.4278409492 68364.0106414932 68900.0987666107 69446.448930865 70002.8208586322 70568.9775129573 71144.685298923 71729.7142427134 72323.8381475972 72926.8347280914 73538.4857235779 74158.576992654 74786.898589485 75423.2448234126 76067.4143030441 76719.2099660149 77378.4390955775 78044.9133251266 78718.4486317219 79398.8653196225 80085.9879947927 80779.6455312884 81479.6710303811 82185.9017732216
0 0 0 0 0 0 0 0 0 0 0 0 0 0 0 0 0 0 0 0 0 0 0 0 0 0 0 0 0 0 0 0 0 0 0 0 0 0 65954.6124273628 66465.0025163782 66986.4330932815 67518.6483693149 68061.3953477132 68614.4241084645 69177.4880636378 69750.3441844789 70332.7532015618 70924.4797793422 71525.2926665025 72134.9648234984 72753.2735287277 73380.0004647342 74014.9317858425 74657.8581685909 75308.5748462946 75966.8816290262 76632.5829102543 77305.4876613266 77985.4094149286 78672.1662385914 79365.580699262 80065.4798198924 80771.6950289402 81484.0621036202
0 0 0 0 0 0 0 0 0 0 0 0 0 0 0 0 0 0 0 0 0 0 0 0 0 0 0 0 0 0 0 0 0 0 0 0 0 64587.577505385 65093.3239823612 65610.4144639489 66138.5828786018 66677.565974233 67227.1036361579 67786.939172419 68356.8195677926 68936.495707878 69525.7225747478 70124.2594156923 70731.8698866207 71348.3221716976 71973.3890807906 72606.8481262849 73248.481580794 73898.0765172574 74555.4248328648 75220.3232581958 75892.5733529045 76571.9814892139 77258.3588244213 77951.5212635491 78651.2894132072 79357.4885276657 80069.9484480733 80788.5035356865
0 0 0 0 0 0 0 0 0 0 0 0 0 0 0 0 0 0 0 0 0 0 0 0 0 0 0 0 0 0 0 0 0 0 0 0 0 63723.5050404724 64236.0549356951 64759.9908335398 65295.038646276 65840.9274758276 66397.3899331571 66964.162422853 67540.9853944459 68127.6035620751 68723.7660941962 69329.2267750645 69943.7441397502 70567.0815844424 71199.0074537832 71839.2951069426 72487.7229641055 73144.074534985 73808.1384309207 74479.708362053 75158.5831209915 75844.5665543255 76537.4675232467 77237.0998544777 77943.2822826257 78655.8383850023 79374.5965098791 80099.3896990772
0 0 0 0 0 0 0 0 0 0 0 0 0 0 0 0 0 0 0 0 0 0 0 0 0 0 0 0 0 0 0 0 0 0 0 0 0 0 0 63913.8978578928 64455.9694554948 65008.9044478231 65572.4280209656 66146.2695518291 66730.1628552018 67323.8463973968 67927.0634784016 68539.5623844894 69161.0965132554 69791.4244730279 70430.3101585736 71077.5228049726 71732.8370214779 72396.032807112 73066.8955496739 73745.2160097553 74430.7902912766 75123.4197999699 75822.9111911501 76529.0763080253 77241.7321117158 77960.7006040646 78685.80874424 79416.8883600562
0 0 0 0 0 0 0 0 0 0 0 0 0 0 0 0 0 0 0 0 0 0 0 0 0 0 0 0 0 0 0 0 0 0 0 0 0 0 0 63072.3098199055 63621.5523629899 64181.6763892561 64752.3995168805 65333.4439797278 65924.5368683827 66525.4103359707 67135.8017709463 67755.4539390469 68384.1150965985 69021.5390773297 69667.4853548043 70321.7190825167 70984.0111136227 71654.1380021938 72331.8819877926 73017.0309650733 73709.3784400126 74408.7234742776 75114.8706191393 75827.6298402407 76546.8164344349 77272.2509398141 78003.7590399598 78741.1714633624
0 0 0 0 0 0 0 0 0 0 0 0 0 0 0 0 0 0 0 0 0 0 0 0 0 0 0 0 0 0 0 0 0 0 0 0 0 0 61690.0359344087 62235.4094760142 62791.9728285843 63359.4311114312 63937.4942410376 64525.8772035006 65124.3002875252 65732.4892804028 66350.1756294344 66977.0965712557 67612.9952314925 68257.6206971233 68910.7280638572 69572.0784607546 70241.4390542215 70918.5830334083 71603.2895789359 72295.3438167595 72994.5367588698 73700.6652324151 74413.5317987195 75132.9446635599 75858.7175799596 76590.6697446536 77328.6256892822 78072.4151672768
0 0 0 0 0 0 0 0 0 0 0 0 0 0 0 0 0 0 0 0 0 0 0 0 0 0 0 0 0 0 0 0 0 0 0 0 0 0 60850.558421576 61403.3884999529 61967.4251388152 62542.3651407044 63127.9105978624 63723.7691564947 64329.6542394622 64945.2852301633 65570.3876203717 66204.6931247651 66847.9397648337 67499.8719247774 68160.2403819109 68828.8023139906 69505.3212857614 70189.5672168979 70881.316333389 71580.3511042833 72286.460165587 72999.4382329721 73719.0860048335 74445.2100571054 75177.6227311364 75916.1420158032 76660.5914249435 77410.7998710815
0 0 0 0 0 0 0 0 0 0 0 0 0 0 0 0 0 0 0 0 0 0 0 0 0 0 0 0 0 0 0 0 0 0 0 0 0 59467.0894511251 60016.0010900979 60576.4479472439 61148.1128487517 61730.684137001 62323.8559708938 62927.3285793957 63540.8084713891 64164.0086049514 64796.6485191541 65438.4544314221 66089.1593034125 66748.5028782695 67416.2316919959 68092.099061546 68775.865052109 69467.2964259041 70166.1665746601 70872.2554378049 71585.3494082413 72305.2412274415 73031.729871454 73764.6204292786 74503.7239749402 75248.857434466 75999.8434488592 76756.5102340488
0 0 0 0 0 0 0 0 0 0 0 0 0 0 0 0 0 0 0 0 0 0 0 0 0 0 0 0 0 0 0 0 0 0 0 0 0 58629.8955688743 59186.5720706617 59754.798740638 60334.2492419742 60924.6033278116 61525.547130519 62136.7734016519 62757.9817061284 63388.8785741258 64029.1776141455 64678.5995906089 65336.8724692331 66003.7314333012 66678.918873793 67362.184356183 68053.2845665432 68751.9832394196 69458.0510697784 70171.2656111494 70891.4111619242 71618.2786416115 72351.6654586889 73091.3753715481 73837.2183438886 74589.0103957788 75346.5734514856 76109.7351850513
0 0 0 0 0 0 0 0 0 0 0 0 0 0 0 0 0 0 0 0 0 0 0 0 0 0 0 0 0 0 0 0 0 0 0 56704.7022999775 57245.1650533701 57797.8769596783 58362.4900094627 58938.6621765641 59526.0578085066 60124.3479572144 60733.2106539635 61352.3311325432 61981.4020045993 62620.1233910815 63268.2030136212 63925.3562495455 64591.306154078 65265.7834531108 65948.5265097475 66639.2812676232 67337.8011738125 68043.8470839387 68757.1871518967 69477.5967064166 70204.8581165007 70938.7606475932 71679.1003101673 72425.6797022544 73178.3078472854 73936.8000284743 74700.9776208392 75470.6679218333
0 0 0 0 0 0 0 0 0 0 0 0 0 0 0 0 0 0 0 0 0 0 0 0 0 0 0 0 0 0 0 0 0 0 0 55861.9117964832 56410.4498175346 56971.2603658644 57543.9846268368 58128.2704524412 58723.7727402682 59330.1537492462 59947.083356638 60574.2392608131 61211.3071342603 61857.9807312142 62513.961954125 63178.9608830369 63852.6957717435 64534.893014379 65225.2870858831 65923.6204595469 66629.6435046212 67343.1143667371 68063.7988336674 68791.4701887412 69525.9090540138 70266.9032250996 71014.2474993859 71767.7434991693 72527.1994910949 73292.4302031226 74063.2566401054 74839.5058989344
0 0 0 0 0 0 0 0 0 0 0 0 0 0 0 0 0 0 0 0 0 0 0 0 0 0 0 0 0 0 0 0 0 53949.1593824225 54480.2483210984 55024.3865589346 55581.1908404776 56150.2843653005 56731.2973001907 57323.8672144609 57927.6394433579 58542.2673846699 59167.4127336721 59802.7456615098 60447.9449420222 61102.6980318567 61766.7011085325 62439.6590708927 63121.2855061415 63811.3026274057 64509.4411854952 65215.4403582724 65929.0476207711 66650.0185989504 67378.116909713 68113.1139895796 68854.7889141779 69602.9282104892 70357.325663594 71117.782119464 71884.1052851746 72656.1095277513 73433.6156727089 74216.4508032123
0 0 0 0 0 0 0 0 0 0 0 0 0 0 0 0 0 0 0 0 0 0 0 0 0 0 0 0 0 0 0 52062.1782735028 52574.2909190462 53100.2987251393 53639.7929130748 54192.3707067339 54757.6360143002 55335.2000171058 55924.6816709012 56525.7081251544 57137.9150661683 57760.9469898753 58394.457410149 59038.1090083704 59691.5737298218 60354.5328322676 61026.6768918298 61707.7057709838 62397.3285532067 63095.2634484978 63801.2376736836 64514.9873111077 65236.2571490035 65964.8005065537 66700.3790463589 67442.7625767693 68191.728846283 68947.063331976 69708.5590237098 70476.0162056607 71249.2422365254 72028.0513295868 72812.2643336692 73601.7085158669
0 0 0 0 0 0 0 0 0 0 0 0 0 0 0 0 0 0 0 0 0 0 0 0 0 0 0 0 0 0 50695.3121516424 51201.565730073 51722.2001878256 52256.7856964818 52804.8985453674 53366.1219262283 53940.0466119894 54526.2715354911 55124.4042745192 55734.0614497019 56354.8690419707 56986.4626362804 57628.4875981897 58280.5991897237 58942.4626307024 59613.7531114278 60294.1557623024 60983.365585603 61681.087354276 62387.0354822566 63100.9338704497 63822.5157321567 64551.5234013877 65287.7081271691 66030.8298566431 66780.6570094625 67536.9662457086 68299.5422293042 69068.1773886573 69842.6716760574 70622.8323271452 71408.4736215989 72199.4166460167 72995.4890598291
0 0 0 0 0 0 0 0 0 0 0 0 0 0 0 0 0 0 0 0 0 0 0 0 0 0 0 0 0 0 49831.160941538 50346.1047136716 50875.4942865276 51418.883476375 51975.8332017443 52545.9122679782 53128.6980372434 53723.7769911155 54330.7451932111 54949.2086595262 55578.7836441809 56219.0968481813 56869.7855586225 57530.4977254867 58200.8919828618 58880.6376210318 59569.4145154859 60266.913018474 60972.8338183066 61686.8877711734 62408.7957098346 63138.2882331346 63875.1054799044 64618.9968904457 65369.7209584525 66127.0449758982 66890.7447731223 67660.6044560755 68436.4161424313 69217.9796980419 70005.102475013 70797.5990524791 71595.2909810003 72398.0065313447
0 0 0 0 0 0 0 0 0 0 0 0 0 0 0 0 0 0 0 0 0 0 0 0 0 0 0 0 47969.8156062062 48463.2733969956 48972.181158393 49496.0623329673 50034.4465895997 50586.8708716602 51152.8803064358 51732.0289830494 52323.8806068662 52928.0090388832 53543.998728883 54171.4450512181 54809.9545520306 55459.1451165106 56118.6460645008 56788.0981823764 57467.1536986977 58155.4762106568 58852.7405678511 59558.6327194077 60272.8495299818 60995.0985696584 61725.0978823109 62462.5757365111 63207.2703626561 63958.9296795719 64717.3110134757 65482.1808118321 66253.3143543173 67030.4954628153 67813.5162121021 68602.1766426368 69396.2844766639 70195.6548386336 71000.1099807818 71809.4790145537
0 0 0 0 0 0 0 0 0 0 0 0 0 0 0 0 0 0 0 0 0 0 0 0 0 0 0 46611.6667462547 47098.122424598 47600.6175903312 48118.6497528709 48651.7226118252 49199.3472736835 49761.0433091492 50336.3396590728 50924.775397954 51525.9003646766 52139.2756705452 52764.4740948645 53401.0803782671 54048.6914237955 54706.9164154148 55375.3768632025 56053.7065839559 56741.5516254072 57438.5701416502 58144.4322267901 58858.8197132282 59581.4259404122 60311.9554993149 61050.1239573669 61795.6575680556 62548.2929689285 63307.776871293 64073.8657444979 64846.3254973053 65624.9311585238 66409.4665587633 67199.7240148948 67995.5040185493 68796.6149297701 69602.8726767336 70414.1004622803 71230.1284778473
0 0 0 0 0 0 0 0 0 0 0 0 0 0 0 0 0 0 0 0 0 0 0 0 0 0 45256.9524430709 45735.9530729699 46231.6240527133 46743.4350642948 47270.8618566286 47813.3876621076 48370.5044297194 48941.7138833942 49526.5284156132 50124.4718272528 50735.0799252311 51357.9009898 51992.4961233506 52638.4394924008 53295.3184740805 53962.7337179297 54640.2991332469 55327.6418115685 56024.4018931728 56730.2323857947 57444.7989430269 58167.77960919 58898.8645367789 59637.7556819532 60384.1664829355 61137.8215256104 61898.4562001017 62665.8163516157 63439.6579284043 64219.7466292998 65005.8575529158 65797.7748502828 66595.291382402 67398.2083839441 68206.335134092 69019.488635331 69837.493300813 70660.1806507712
0 0 0 0 0 0 0 0 0 0 0 0 0 0 0 0 0 0 0 0 0 0 0 0 0 43905.990616371 44377.0399087567 44865.4358066642 45370.6181264971 45892.0325137048 46429.1320971808 46981.3789320405 47548.245240119 48129.2144593388 48723.7821144002 49331.456522082 49951.7593448778 50584.2260068008 51228.405985016 51883.8629905691 52550.1750509231 53226.9345063304 53913.7479312995 54610.2359915998 55316.0332463992 56030.7879042876 56754.1615411045 57485.8287866871 58225.4769868897 58972.8058465031 59727.5270580313 60489.3639206628 61258.0509532005 62033.333504201 62814.967362102 63602.7183676961 64396.362030933 65195.6831536989 66000.475459924 66810.5412341088 67625.6909691359 68445.7430240303 69270.5232921631 70099.8648802451
0 0 0 0 0 0 0 0 0 0 0 0 0 0 0 0 0 0 0 0 0 0 0 0 0 43021.6914896876 43502.31715314 44000.4233701325 44515.4233475255 45046.7376717553 45593.7960025974 46156.0385321897 46732.9172216277 47323.8968292133 47928.4557456272 48546.0866519544 49176.2970167293 49818.6094480376 50472.5619162989 51137.7078627224 51813.6162076308 52499.8712719392 53196.0726241017 53901.8348638265 54616.7873528437 55340.5739020139 56072.8524231003 56813.2945526072 57561.5852542286 58317.4224056443 59080.5163746634 59850.5895890373 60627.3761036539 61410.6211682672 62200.0807984278 62995.5213518347 63796.7191119417 64603.4598803075 65415.5385788807 66232.7588631453 67054.9327468313 67881.8802386954 68713.4289917124 69549.4139648756
0 0 0 0 0 0 0 0 0 0 0 0 0 0 0 0 0 0 39254.251385719 39604.0643231442 39975.8373266935 0 0 0 41670.2556532155 42142.5659548972 42633.1036205597 43141.2468918076 43666.3811465803 44207.9008944888 44765.2114990588 45337.7306403175 45924.8895335906 46526.1339220338 47140.9248614147 47768.7393160848 48409.0705850317 49061.4285764806 49725.339948799 50400.3481345332 51086.0132633254 51781.9119982951 52487.6372992508 53202.7981248752 53927.0190848219 54659.9400514972 55401.2157401964 56150.5152652253 56907.5216786746 57671.9314976301 58443.4542247963 59221.8118667808 60006.7384536346 60797.9795626584 61595.2918489713 62398.4425848792 63207.2092096858 64021.3788912384 64840.7481002034 65665.1221978041 66494.3150375358 67328.148581181 68166.4525292912 69009.0639661677
0 0 0 0 0 0 0 0 0 0 0 0 0 36879.5049206144 0 0 37667.6898729558 37979.4749756194 38314.8297462252 38673.1410353586 39053.7769825053 39456.09148988 0 0 40786.519008532 41268.944642332 41769.7432473601 42288.2620830994 42823.8574753305 43375.896856733 43943.7605034487 44526.8429853609 45124.5543501706 45736.3210628055 46361.5867223992 46999.8125791695 47650.4778731083 48313.0800156035 48987.1346340304 49672.1754980708 50367.7543451131 51073.4406206218 51788.8211478761 52513.4997400214 53247.0967659622 53989.2486802906 54739.6075261851 55497.8404190587 56263.6290176684 57036.6689884354 57816.6694678521 58603.3525270814 59396.4526421562 60195.7161725851 61000.9008506345 61811.775283092 62628.1184669154 63449.7193198244 64276.3762265968 65107.8966015763 65944.0964676905 66784.8000520971 67629.8393984276 68479.0539954782
0 0 0 0 0 0 0 0 0 0 35333.7067492651 35497.2744263778 35688.1233852398 35905.8186067191 36149.875087988 36419.7628758846 36714.912324479 37034.7194677197 37378.5514046655 37745.75160425 38135.6450480159 38547.5431420315 38980.7483425511 39434.558453263 39908.2705646629 40401.1846177913 40912.6065850048 41441.8512694341 41988.2447322631 42551.1263629406 43129.8506120003 43723.7884094229 44332.3282935884 44954.8772769877 45590.8614751634 46239.7265249921 46900.9378175382 47573.9805694573 48258.3597554001 48953.5999221726 49659.2449036296 50374.8574534676 51100.0188113048 51834.3282157126 52577.4023762371 53328.8749149207 54088.3957864326 54855.630684628 55630.2604421984 56411.9804290307 57200.4999539677 57995.5416738423 58796.8410129397 59604.1455954149 60417.2146926515 61235.8186870761 62059.73855355 62888.7653591125 63722.6997815694 64561.3516471778 65404.539487478 66252.0901151623 67103.8382187346 67959.6259756087
0 0 34042.8478069021 33977.9508779211 33942.404230121 33936.3000926656 33959.6543421451 34012.4062967691 34094.4195016577 34205.4834816516 34345.3164095493 34513.5686119326 0 0 0 35461.6561170606 35764.7132467629 36092.940759679 36445.6586130669 36822.1630380229 37221.7322253715 37643.6317179384 38087.1194496814 38551.4503881867 39035.8807520893 39539.6717885956 40062.0931081787 40602.42558354 41159.9638280383 41734.0182750708 42323.9168844574 42929.0065049377 43548.6539236232 44182.2466338915 44829.1933529541 45488.9243193886 46160.8913994691 46844.5680293041 47539.4490177434 48245.0502328388 48960.908192431 49686.5795772478 50421.6406827931 51165.6868243085 51918.3317072279 52679.2067738331 53447.9605352607 54224.2578966029 55007.7794815953 55798.2209622703 56595.2923979801 57398.7175873415 58208.2334359144 59023.5893417913 59844.54660073 60670.8778319999 61502.3664257237 62338.8060121663 63179.9999531578 64025.7608556083 64875.9101068961 65730.2774317634 66588.7004702382 67451.0243760139
