AgentSeal-Grey/Input/ho_distance_noBay_id_GS_large42.asc
NCOLS 284 
NROWS 185 
XLLCORNER 428292.82952926 
YLLCORNER 6186935 
CELLSIZE 1000 
NODATA_value -9999 
[rows 0 to 24 of 185, columns 220 to 274 of 284]
173836.104738916 174592.602849771 175351.540138421 176112.88507084 176876.606556756 177642.673944331 178411.057014834 179181.725977313 179954.651463271 180729.804521352 181507.156612032 182286.679602332 183068.345760543 183852.127750973 184637.998628718 185425.931834458 186215.90118928 187007.880889534 187801.845501722 188597.769957418 189395.629548228 190195.399920787 190997.057071796 191800.577343097 192605.937416799 193413.114310437 194222.085372186 195032.828276112 195845.321017475 196659.541908081 197475.469571679 198293.082939404 199112.361245283 199933.284021772 200755.831095361 201579.982582219 202405.718883894 203233.020683069 204061.868939356 204892.244885163 205724.13002159 206557.506114396 207392.355190005 208228.659531573 209066.4016751 209905.564405598 210746.13075331 211588.083989978 212431.407625163 213276.085402623 214122.101296726 214969.439508931 215818.084464306 216668.020808104 217519.233402381
173182.335446775 173941.676920334 174703.441949254 175467.598969083 176234.116864566 177002.964964127 177774.113034352 178547.531274473 179323.190310867 180101.06119156 180881.115380751 181663.324753355 182447.661589568 183234.098569453 184022.60876756 184813.165647573 185605.743056985 186400.315221821 187196.85674138 187995.342583031 188795.748077042 189598.048911449 190402.221126978 191208.241112002 192016.085597545 192825.731652345 193637.15667795 194450.33840387 195265.254882782 196081.884485784 196900.205897696 197720.198112417 198541.840428339 199365.112443804 200189.994052622 201016.465439644 201844.507076378 202674.099716675 203505.224392454 204337.862409495 205171.995343273 206007.60503486 206844.673586866 207683.183359452 208523.116966379 209364.457271125 210207.187383047 211051.290653599 211896.750672605 212743.551264584 213591.676485123 214441.110617306 215291.8381682 216143.843865378 216997.112653508
172531.884910585 173294.07655733 174058.675822024 174825.651115547 175594.971303376 176366.605699866 177140.524062538 177916.696586377 178695.093898147 179475.687050715 180258.447517404 181043.347186366 181830.358354983 182619.453724295 183410.606393465 184203.789854273 184998.977985652 185796.14504826 186595.265679097 187396.314886156 188199.26804313 189004.100884156 189810.789498613 190619.310325962 191429.640150641 192241.75609701 193055.635624348 193871.256521897 194688.596903974 195507.635205115 196328.350175299 197150.720875206 197974.726671543 198800.347232419 199627.562522786 200456.352799924 201286.698608989 202118.580778623 202951.980416608 203786.87890559 204623.257898852 205461.099316145 206300.385339575 207141.098409552 207983.221220786 208826.736718344 209671.628093768 210517.878781233 211365.472453777 212214.393019575 213064.624618272 213916.151617366 214768.958608646 215623.030404688 216478.352035393
171884.790807097 172649.839182832 173417.278922593 174187.078418506 174959.206522645 175733.632541105 176510.3262281 177289.257780072 178070.397829812 178853.717440611 179639.188100438 180426.781716138 181216.470607673 182008.227502385 182802.02552931 183597.838213518 184395.639470503 185195.403600614 185997.10528353 186800.719572788 187606.221890346 188413.588021215 189222.794108127 190033.816646262 190846.632478029 191661.218787898 192477.553097292 193295.613259534 194115.377454847 194936.824185418 195759.932270511 196584.68084165 197411.049337852 198239.017500921 199068.565370801 199899.673280993 200732.32185402 201566.49199697 202402.164897076 203239.322017373 204077.945092409 204918.016124007 205759.5173771 206602.431375615 207446.740898415 208292.428975306 209139.478883092 209987.874141698 210837.598510342 211688.635983765 212540.970788517 213394.587379305 214249.470435384 215105.604857012 215962.975761957
171241.091186664 172009.002583754 172779.288773037 173551.918133955 174326.859511188 175104.082208531 175883.555982788 176665.251037687 177449.13801782 178235.188002611 179023.372500309 179813.663442028 180606.033175809 181400.454460732 182196.900461063 182995.344740453 183795.761256172 184598.124353402 185402.408759575 186208.58957876 187016.642286107 187826.542722343 188638.267088326 189451.791939652 190267.094181321 191084.151062463 191902.940171121 192723.439429093 193545.627086839 194369.481718444 195194.982216641 196022.107787906 196850.837947599 197681.152515182 198513.031609487 199346.455644056 200181.405322538 201017.861634146 201855.805849183 202695.219514624 203536.084449761 204378.38274191 205222.096742181 206067.209061305 206913.702565524 207761.56037254 208610.765847526 209461.302599191 210313.154475911 211166.305561912 212020.740173515 212876.442855436 213733.398377143 214591.591729268 215451.008120082
170600.824472801 171371.604911251 172144.743250894 172920.207864711 173697.967596151 174477.991752805 175260.250100102 176044.712855027 176831.350679871 177620.134676016 178411.036377755 179204.02774615 179999.081162937 180796.169424466 181595.265735698 182396.343704245 183199.377334465 184004.341021602 184811.209545992 185619.958067314 186430.562118902 187242.997602122 188057.240780797 188873.268275702 189691.057059113 190510.584449427 191331.828105835 192154.766023066 192979.376526192 193805.638265496 194633.530211408 195463.0316495 196294.122175556 197126.781690694 197960.990396565 198796.728790611 199633.977661384 200472.718083944 201312.931415305 202154.599289953 202997.703615435 203842.226567997 204688.150588297 205535.458377176 206384.132891495 207234.157340031 208085.515179436 208938.190110257 209792.166073017 210647.427244357 211503.958033237 212361.743077193 213220.767238659 214081.015601339 214942.473466645
169964.029461529 170737.684679914 171513.680588215 172291.985559326 173072.568441777 173855.3985532 174640.44567382 175427.680039978 176217.072337692 177008.593696255 177802.215681877 178597.910291367 179395.649945871 180195.407484653 180997.156158926 181800.869625745 182606.521941949 183414.087558165 184223.541312865 185034.85842649 185848.014495635 186662.98548729 187479.747733153 188298.277924004 189118.553104141 189940.550665892 190764.248344182 191589.624211175 192416.65667098 193245.324454426 194075.606613904 194907.48251828 195740.931847869 196575.934589488 197412.471031566 198250.521759332 199090.067650062 199931.089868396 200773.56986173 201617.489355665 202462.830349524 203309.575111943 204157.706176517 205007.206337523 205858.058645695 206710.246404073 207563.753163917 208418.56272067 209274.659110004 210132.026603911 210990.649706866 211850.513152043 212711.601897598 213573.901123009 214437.39622547
169330.74532051 170107.28076675 170886.13937039 171667.289510771 172450.700047966 173236.340316032 174024.1801163 174814.189710701 175606.339815132 176400.601592869 177196.946648029 177995.347019081 178795.775172406 179598.20399592 180402.606792747 181208.957274957 182017.229557357 182827.398151355 183639.437958878 184453.324266361 185269.032738798 186086.539413866 186905.820696111 187726.853351206 188549.614500279 189374.081614307 190200.232508588 191028.045337273 191857.498587983 192688.571076482 193521.241941434 194355.490639224 195191.296938854 196028.640916909 196867.502952593 197707.863722836 198549.704197478 199393.005634512 200237.749575406 201083.917840492 201931.492524421 202780.455991692 203630.790872248 204482.480057133 205335.506694225 206189.854184033 207045.506175554 207902.446562203 208760.659477806 209620.129292649 210480.840609604 211342.778260304 212205.927301389 213070.27301081 213935.800884189
168701.011587955 169480.432409933 170262.158534762 171046.158354916 171832.400748617 172620.855072879 173411.491156585 174204.279293618 174999.190236034 175796.195187285 176595.265795504 177396.374146833 178199.492758822 179004.594573883 179811.652952801 180620.641668324 181431.534898803 182244.307221911 183058.933608422 183875.38941607 184693.650383465 185513.692624098 186335.492620399 187159.027217886 187984.273619374 188811.209379269 189639.812397927 190470.060916091 191301.933509408 192135.409083012 192970.466866189 193807.086407111 194645.247567651 195484.930518264 196326.115732953 197168.7839843 198012.916338571 198858.494150903 199705.499060549 200553.912986213 201403.718121439 202254.896930083 203107.432141852 203961.306747912 204816.503996563 205673.007388993 206530.800675084 207389.867849299 208250.193146629 209111.761038605 209974.556229381 210838.563651871 211703.768463961 212570.156044777 213437.711991015
168074.868171298 168857.179207334 169641.777369009 170428.63106877 171217.709209747 172008.981178577 172802.416838279 173597.986521183 174395.661021906 175195.41159039 175997.209925 176801.028165684 177606.838887194 178414.615092374 179224.330205524 180035.958065818 180849.472920812 181664.849420008 182482.062608501 183301.087920697 184121.901174113 184944.478563239 185768.796653493 186594.832375244 187422.563017914 188251.96622416 189083.019984135 189915.702629823 190749.992829457 191585.869582014 192423.312211787 193262.300363039 194102.813994728 194944.833375318 195788.339077661 196633.311973957 197479.733230795 198327.584304263 199176.846935137 200027.503144147 200879.53522731 201732.925751347 202587.657549164 203443.713715405 204301.077602088 205159.732814295 206019.663205946 206880.852875634 207743.286162534 208606.947642371 209471.822123467 210337.894642843 211205.150462394 212073.57506512 212943.154151429
167452.355345631 168237.561114805 169025.035509289 169814.746968498 170606.664427371 171400.75730898 172196.9955172 172995.349429425 173795.789889363 174598.288199873 175402.816115889 176209.345837396 177017.850002483 177828.30168047 178640.674365103 179454.94196783 180271.078811149 181089.059622038 181908.859525458 182730.454037939 183553.819061249 184378.93087614 185205.766136173 186034.301861633 186864.515433519 187696.384587616 188529.887408657 189365.002324557 190201.708100737 191039.983834527 191879.808949652 192721.163190796 193564.026618254 194408.379602656 195254.202819783 196101.477245449 196950.184150475 197800.305095732 198651.821927268 199504.716771513 200358.972030554 201214.570377492 202071.494751875 202929.728355201 203789.254646496 204650.057337966 205512.120390724 206375.428010579 207239.964643908 208105.714973585 208972.663914985 209840.79661206 210710.098433469 211580.554968789 212452.152024778
166833.513751882 167621.618444215 168411.972938139 169204.545707185 169999.305725151 170796.222458496 171595.265858795 172396.406355263 173199.614847342 174004.862697357 174812.12172325 175621.364191385 176432.562809425 177245.690719295 178060.721490223 178877.629111852 179696.387987449 180516.972927185 181339.359141508 182163.522234588 182989.438197864 183817.08340366 184646.434598903 185477.468898908 186310.16378127 187144.49707983 187980.446978724 188817.992006534 189657.111030507 190497.783250873 191339.988195241 192183.705713084 193028.915970307 193875.599443897 194723.736916661 195573.309472043 196424.298489026 197276.685637114 198130.452871393 198985.582427676 199842.056817728 200699.858824561 201558.971497815 202419.378149217 203281.062348105 204144.007917041 205008.198927485 205873.619695554 206740.254777845 207608.08896733 208477.107289326 209347.294997532 210218.637570132 211091.120705966 211964.730320776
166218.384394745 167009.39186123 167802.62998212 168598.067272359 169395.672751796 170195.415937363 170997.266835322 171801.195933582 172607.174194086 173415.173045285 174225.164374681 175037.120521457 175851.014269186 176666.818838627 177484.5078806 178304.055468958 179125.436093637 179948.6246538 180773.596451066 181600.327182831 182428.792935681 183258.970178893 184090.835758021 184924.366888589 185759.541149853 186596.336478674 187434.731163466 188274.703838246 189116.233476764 189959.299386728 190803.881204117 191649.958887586 192497.512712949 193346.52326776 194196.971445976 195048.838442703 195902.105749035 196756.75514697 197612.768704411 198470.128770255 199328.817969555 200188.819198772 201050.115621099 201912.690661869 202776.528004042 203641.611583764 204507.925586006 205375.454440276 206244.182816409 207114.095620426 207985.177990465 208857.415292787 209730.79311785 210605.297276448 211480.913795925
165607.008640333 166400.922382834 167197.047309205 167995.351983247 168795.805478197 169598.377368688 170403.037722778 171209.757094066 172018.506513885 172829.257483581 173641.981966875 174456.652382313 175273.241595805 176091.722913259 176912.070073296 177734.257240064 178558.258996149 179384.05033557 180211.606656876 181040.903756337 181871.917821223 182704.62542319 183539.003511752 184375.029407849 185212.680797519 186051.935725653 186892.772589849 187735.170134366 188579.107444165 189424.563939043 190271.519367863 191119.953802876 191969.847634132 192821.181563983 193673.936601673 194528.094058024 195383.635540201 196240.54294657 197098.798461642 197958.384551101 198819.283956914 199681.479692531 200544.955038159 201409.693536125 202275.678986314 203142.895441688 204011.327203887 204880.958818895 205751.775072801 206623.760987614 207496.901817173 208371.183043107 209246.590370888 210123.109725944 211000.727249835
164999.428213553 165796.251374565 166595.265925885 167396.440487768 168199.744194316 169005.146685218 169812.618097568 170622.129057778 171433.65067357 172247.154526065 173062.612661963 173879.997585815 174699.282252394 175520.440059157 176343.444838811 177168.27085197 177994.892779921 178823.285717476 179653.425165936 180485.287026149 181318.847591666 182154.083542006 182990.971936013 183829.490205313 184669.616147876 185511.327921673 186354.604038432 187199.423357497 188045.765079775 188893.60874179 189742.934209828 190593.721674177 191445.951643465 192299.604939091 193154.662689745 194011.106326023 194868.917575138 195728.07845571 196588.571272653 197450.378612151 198313.483336711 199177.868580319 200043.517743658 200910.414489433 201778.54273776 202647.88666165 203518.430682558 204390.159466032 205263.057917416 206137.11117765 207012.304619135 207888.623841671 208766.054668479 209644.583142281 210524.195521464
164395.6851952 165195.420547477 165997.327174013 166801.373759256 167607.529505787 168415.764125844 169226.047832922 170038.351333483 170852.645818751 171668.90295661 172487.094883601 173307.194197018 174129.173947106 174953.007629363 175778.669176947 176606.132953182 177435.373744177 178266.366751539 179099.087585204 179933.512256364 180769.617170502 181607.379120531 182446.775280044 183287.783196659 184130.380785474 184974.546322629 185820.258438957 186667.496113757 187516.238668649 188366.465761548 189218.15738072 190071.293838953 190925.855767814 191781.824112011 192639.18012385 193497.905357778 194357.981665035 195219.391188387 196082.116356957 196946.13988114 197811.444747619 198678.014214454 199545.831806272 200414.881309537 201285.146767898 202156.612477635 203029.262983175 203903.083072694 204778.057773796 205654.172349279 206531.412292962 207409.763325606 208289.211390898 209169.742651515 210051.343485252
163795.822018754 164598.471954808 165403.272727345 166210.193092887 167019.202330251 167830.270231839 168643.367095034 169458.463713705 170275.531369799 171094.541825057 171915.467312818 172738.280529948 173562.954628865 174389.463209679 175217.78031244 176047.880409499 176879.738397974 177713.329592336 178548.629717096 179385.61489961 180224.26166299 181064.546919126 181906.447961821 182749.942460033 183595.008451221 184441.624334808 185289.768865744 186139.42114818 186990.560629241 187843.167092914 188697.220654028 189552.701752345 190409.591146749 191267.869909534 192127.519420798 192988.521362923 193850.857715167 194714.510748338 195579.463019569 196445.69736719 197313.196905681 198181.945020728 199051.925364356 199923.121850164 200795.518648635 201669.100182534 202543.851122396 203419.756382092 204296.801114477 205174.970707118 206054.250778103 206934.627171926 207816.085955449 208698.613413939 209582.196047182
163199.881466867 164005.447988345 164813.144587792 165622.940101832 166434.803893397 167248.705842801 168064.616338926 168882.50627051 169702.347017557 170524.110442852 171347.768883591 172173.295143129 173000.66248284 173829.844614094 174660.815690351 175493.550299369 176328.023455535 177164.210592304 178002.087554761 178841.630592296 179682.816351397 180525.621868554 181370.024563285 182216.002231268 183063.533037587 183912.595510102 184763.168532911 185615.23133994 186468.763508631 187323.744953747 188180.155921274 189037.97698244 189897.189027832 190757.773261617 191619.711195871 192482.984645001 193347.575720271 194213.466824432 195080.640646434 195949.080156253 196818.768599796 197689.68949391 198561.826621476 199435.164026597 200309.686009874 201185.377123768 202062.222168052 202940.206185344 203819.314456722 204699.532497431 205580.846052655 206463.241093382 207346.70381234 208231.220620014 209116.77814073
162607.90666754 163416.391374482 164226.98508137 165039.656713091 165854.37572471 166671.112092324 167489.836304029 168310.519351017 169133.132718777 169957.64837843 170784.038778173 171612.276834855 172442.33592567 173274.189879971 174107.812971212 174943.179909013 175780.265831337 176619.046296808 177459.497277133 178301.595149654 179145.316690026 179990.639065003 180837.539825355 181685.996898895 182535.988583632 183387.493541033 184240.490789405 185094.959697393 185950.879977584 186808.231680235 187666.9951871 188527.151205373 189388.680761739 190251.565196533 191115.786157996 191981.325596652 192848.165759766 193716.289185924 194585.678699701 195456.317406426 196328.188687056 197201.276193129 198075.563841826 198951.035811115 199827.676534994 200705.470698815 201584.403234703 202464.459317061 203345.624358156 204227.884003793 205111.224129069 205995.630834209 206881.090440481 207767.589486187 208655.114722739
162019.941089976 162831.345169958 163644.836853829 164460.385163038 165277.959652924 166097.53040335 166919.068009471 167742.54357261 168567.928691277 169395.195452309 170224.316422139 171055.264638195 171888.01360043 172722.537262976 173558.810025935 174396.806727294 175236.502634969 176077.873438982 176920.895243758 177765.544560557 178611.798300028 179459.633764889 180309.028642735 181159.960998962 182012.409269818 182866.352255581 183721.769113845 184578.639352931 185436.94282542 186296.65972179 187157.770564182 188020.256200265 188884.097797226 189749.276835856 190615.775104762 191483.574694666 192352.657992829 193223.007677566 194094.606712869 194967.438343129 195841.486087959 196716.733737114 197593.165345508 198470.765228322 199349.517956212 200229.408350604 201110.421479075 201992.542650836 202875.757412285 203760.051542658 204645.41104976 205531.822165775 206419.271343163 207307.745250632 208197.23076919
161436.028540098 162250.352757268 163066.74286597 163885.167992637 164705.597801148 165528.002483241 166352.352749068 167178.619817873 168006.775408813 168836.791731915 169668.641479162 170502.297815728 171337.734371333 172174.925231754 173013.844930452 173854.468440351 174696.771165742 175540.728934325 176386.317989386 177233.514982103 178082.296963987 178932.641379454 179784.52605852 180637.929209636 181492.829412635 182349.205611821 183207.03710917 184066.303557657 184926.984954706 185789.061635761 186652.514267971 187517.323843994 188383.47167592 189250.939389295 190119.708917274 190989.762494872 191861.082653325 192733.652214564 193607.454285787 194482.472254138 195358.689781489 196236.090799319 197114.659503694 197994.380350342 198875.238049824 199757.217562802 200640.304095392 201524.48309461 202409.740243913 203296.061458816 204183.432882605 205071.840882126 205961.27204366 206851.713168881 207743.151270889
160856.213155723 161673.457839739 162492.74638862 163314.048042337 164137.332581693 164962.570318518 165789.732086008 166618.789229213 167449.713595657 168282.477526111 169117.053845508 169953.415854001 170791.537318163 171631.392462335 172472.955960112 173316.202925973 174161.108907057 175007.649875067 175855.802218331 176705.542733982 177556.848620293 178409.697469135 179264.067258575 180119.936345606 180977.283459013 181836.087692356 182696.328497102 183557.98567586 184421.039375766 185285.47008197 186151.258611257 187018.386105788 187886.834026954 188756.58414935 189627.618554864 190499.91962688 191373.470044586 192248.252777404 193124.251079514 194001.448484494 194879.828800059 195759.376102905 196640.074733654 197521.909291895 198404.864631325 199288.925854983 200174.078310583 201060.307585933 201947.599504446 202835.940120746 203725.315716347 204615.712795435 205507.118080719 206399.518509373 207292.901229057
160280.539401386 161100.704436256 161922.890997278 162747.068446639 163573.206690562 164401.276169292 165231.247847223 166063.093203183 166896.78422087 167732.293379438 168569.593644241 169408.658457716 170249.461730431 171091.977832276 171936.181583803 172782.048247719 173629.553520522 174478.673524285 175329.384798592 176181.664292602 177035.489357275 177890.837737721 178747.687565705 179606.017352274 180465.805980534 181327.032698554 182189.677112401 183053.719179315 183919.139201003 184785.917817069 185654.035998561 186523.475041651 187394.21656143 188266.242485822 189139.535049627 190014.076788662 190889.850534035 191766.839406516 192645.026811032 193524.396431255 194404.932224314 195286.618415596 196169.439493661 197053.380205252 197938.425550408 198824.560777668 199711.771379384 200600.043087108 201489.361867093 202379.713915864 203271.085655893 204163.463731354 205056.835003963 205951.186548903 206846.505650831
159709.052062804 160532.136875636 161357.220566408 162184.272628313 163013.263101606 163844.16256337 164676.942117439 165511.573384489 166348.028492277 167186.280066057 168026.301219138 168868.065543616 169711.547101255 170556.72041453 171403.560457823 172252.04264878 173102.142839815 173953.837309771 174807.102755731 175661.91628498 176518.25540711 177376.098026279 178235.422433608 179096.207299723 179958.431667438 180822.074944577 181687.116896936 182553.537641371 183421.31763903 184290.43768871 185160.878920346 186032.622788621 186905.651066713 187779.945840152 188655.489500807 189532.264740987 190410.254547664 191289.442196804 192169.811247821 193051.345538128 193934.029177811 194817.846544403 195702.782277762 196588.821275055 197475.948685844 198364.149907267 199253.41057932 200143.716580236 201035.05402195 201927.409245666 202820.768817509 203715.119524261 204610.448369193 205506.742567977 206403.989544678
159141.79624096 159967.799790639 160795.779263376 161625.704292278 162457.545060343 163291.272290015 164126.857232905 164964.271659681 165803.487850128 166644.478583378 167487.217128307 168331.677234094 169177.833120955 170025.659471034 170875.131419463 171726.224545575 172578.914864289 173433.178817648 174288.993266508 175146.335482394 176005.183139502 176865.514306855 177727.307440603 178590.541376483 179455.195322409 180321.248851216 181188.681893547 182057.474730865 182927.607988619 183799.062629537 184671.819947048 185545.861558843 186421.169400559 187297.725719589 188175.51306902 189054.514301689 189934.71256436 190816.09129202 191698.634202289 192582.325289944 193467.148821551 194353.089330215 195240.131610428 196128.260713023 197017.461940241 197907.720840883 198799.023205576 199691.35506213 200584.702670987 201479.052520769 202374.391323916 203270.706012411 204167.983733597 205066.211846079 205965.377915706
