AgentSeal-Grey/Input/ho_distance_noBay_id_GS_large42.asc
NCOLS 284 
NROWS 185 
XLLCORNER 428292.82952926 
YLLCORNER 6186935 
CELLSIZE 1000 
NODATA_value -9999 
[rows 100 to 124 of 185, columns 220 to 274 of 284]
132030.266646702 133024.72315272 134019.26215629 135013.881834332 136008.580416948 137003.356185504 137998.207470787 138993.132651254 139988.130151336 140983.198439835 141978.336028369 142973.541469892 143968.813357274 144964.150321933 145959.551032533 146955.014193722 147950.538544933 148946.122859221 149941.765942157 150937.466630758 151933.22379246 152929.036324134 153924.903151137 154920.823226399 155916.795529551 156912.819066074 157908.892866491 158905.015985586 159901.18750165 160897.406515756 161893.67215106 162889.983552131 163886.339884299 164882.740333033 165879.184103338 166875.67041917 167872.198522882 168868.767674679 169865.377152094 170862.026249491 171858.714277572 172855.440562913 173852.204447505 174849.005288322 175845.842456892 176842.715338893 177839.623333753 178836.565854273 179833.542326253 180830.552188138 181827.594890669 182824.669896554 183821.776680138 184818.914727094 185816.083534121
131928.470433032 132923.688520361 133918.97785197 134914.33685111 135909.763987115 136905.257773732 137900.816767525 138896.439566351 139892.124807894 140887.871168266 141883.677360662 142879.542134076 143875.464272063 144871.442591561 145867.475941756 146863.563202985 147859.703285701 148855.895129465 149852.137701978 150848.429998165 151844.771039275 152841.159872033 153837.595567816 154834.077221861 155830.603952509 156827.174900469 157823.789228116 158820.446118815 159817.144776266 160813.884423878 161810.664304164 162807.483678157 163804.341824849 164801.238040649 165798.17163886 166795.141949181 167792.148317214 168789.190104001 169786.266685569 170783.377452496 171780.521809488 172777.699174976 173774.908980719 174772.150671426 175769.423704392 176766.727549142 177764.061687089 178761.425611203 179758.818825693 180756.240845695 181753.691196975 182751.16941564 183748.675047855 184746.207649578 185743.766786289
131834.181117036 132830.105660795 133826.090987208 134822.135749197 135818.238639122 136814.398387348 137810.61376088 138806.883562052 139803.206627271 140799.581825821 141796.008058706 142792.484257551 143789.009383546 144785.582426428 145782.202403512 146778.868358756 147775.579361868 148772.334507442 149769.132914138 150765.973723885 151762.856101122 152759.779232062 153756.742323993 154753.744604598 155750.785321307 156747.863740666 157744.97914774 158742.13084553 159739.318154417 160736.54041162 161733.796970686 162731.087200982 163728.410487221 164725.766228998 165723.15384034 166720.572749279 167718.022397434 168715.502239612 169713.011743423 170710.550388901 171708.117668153 172705.713085001 173703.336154655 174700.986403385 175698.663368206 176696.366596579 177694.095646117 178691.8500843 179689.629488205 180687.43344424 181685.26154789 182683.113403467 183680.98862387 184678.88683036 185676.807652327
131747.41481638 132743.990334244 133740.616975235 134737.293604907 135734.019122081 136730.792457632 137727.612573334 138724.478460757 139721.389140201 140718.343659688 141715.341093985 142712.380543676 143709.461134268 144706.582015332 145703.742359689 146700.941362614 147698.178241086 148695.45223306 149692.762596769 150690.108610058 151687.489569739 152684.904790972 153682.353606674 154679.835366945 155677.349438522 156674.895204249 157672.472062567 158670.079427028 159667.716725824 160665.38340133 161663.078909672 162660.802720303 163658.554315599 164656.333190468 165654.138851974 166651.970818972 167649.828621762 168647.711801745 169645.619911105 170643.552512486 171641.509178695 172639.489492406 173637.493045878 174635.519440679 175633.568287427 176631.639205531 177629.731822945 178627.845775931 179625.980708828 180624.136273829 181622.312130766 182620.5079469 183618.723396723 184616.95816176 185615.211930379
131668.186403548 132665.357082615 133662.570037077 134659.824327729 135657.119042951 136654.453297695 137651.826232529 138649.237012718 139646.684827344 140644.168888461 141641.688430294 142639.24270846 143636.830999231 144634.452598819 145632.106822701 146629.793004959 147627.510497656 148625.258670235 149623.036908936 150620.844616246 151618.681210363 152616.546124686 153614.438807317 154612.358720593 155610.305340629 156608.278156879 157606.276671714 158604.300400019 159602.348868799 160600.421616808 161598.518194181 162596.63816209 163594.781092405 164592.946567374 165591.134179306 166589.343530274 167587.574231821 168585.825904684 169584.098178524 170582.390691659 171580.70309082 172579.035030906 173577.386174747 174575.756192879 175574.144763328 176572.551571394 177570.97630945 178569.418676743 179567.878379203 180566.355129262 181564.848645671 182563.358653329 183561.884883116 184560.427071734 185558.984961546
131596.509493221 132594.219217347 133591.963189843 134589.740649036 135587.55085565 136585.393091985 137583.26666114 138581.170886268 139579.105109853 140577.068693034 141575.061014942 142573.081472075 143571.129477697 144569.204461255 145567.305867831 146565.433157608 147563.585805359 148561.763299963 149559.965143927 150558.190852943 151556.439955449 152554.711992217 153553.006515948 154551.323090892 155549.661292475 156548.020706946 157546.40093103 158544.801571604 159543.222245377 160541.662578586 161540.122206698 162538.600774134 163537.097933992 164535.613347781 165534.146685175 166532.697623763 167531.265848814 168529.851053054 169528.452936441 170527.071205957 171525.705575404 172524.355765204 173523.021502212 174521.702519531 175520.398556334 176519.109357692 177517.83467441 178516.574262867 179515.327884859 180514.095307449 181512.876302827 182511.670648164 183510.47812548 184509.298521513 185508.13162759
131532.396430687 132530.588808236 133528.808235962 134527.05411171 135525.325851051 136523.622886634 137521.944667571 138520.290658838 139518.660340714 140517.053208235 141515.468770677 142513.906551056 143512.36608565 144510.846923544 145509.348626192 146507.87076699 147506.412930881 148504.974713961 149503.555723109 150502.15557563 151500.773898914 152499.4103301 153498.064515768 154496.736111626 155495.424782223 156494.130200664 157492.852048342 158491.590014674 159490.343796852 160489.113099601 161487.897634946 162486.69712199 163485.511286695 164484.339861673 165483.182585993 166482.039204977 167480.909470023 168479.793138419 169478.689973174 170477.599742845 171476.522221382 172475.457187968 173474.40442687 174473.363727291 175472.334883235 176471.317693366 177470.311960878 178469.317493371 179468.334102728 180467.361604992 181466.399820257 182465.448572555 183464.50768975 184463.577003432 185462.656348817
131475.85828128 132474.476673274 133473.115753385 134471.775060698 135470.454147882 136469.152580691 137467.869937489 138466.605808798 139465.35979686 140464.131515224 141462.920588345 142461.726651206 143460.549348947 144459.388336515 145458.243278333 146457.11384797 147455.999727836 148454.900608886 149453.816190329 150452.746179361 151451.690290897 152450.648247321 153449.619778241 154448.60462026 155447.602516745 156446.613217616 157445.636479138 158444.672063719 159443.719739719 160442.779281264 161441.850468071 162440.933085271 163440.026923248 164439.131777477 165438.247448373 166437.373741139 167436.510465627 168435.657436199 169434.814471593 170433.981394796 171433.15803292 172432.344217083 173431.539782293 174430.744567337 175429.958414674 176429.181170329 177428.412683796 178427.652807937 179426.901398894 180426.15831599 181425.423421651 182424.696581312 183423.977663343 184423.266538962 185422.563082165
131426.90482089 132425.892369498 133424.895086773 134423.912634527 135422.944684545 136421.990918224 137421.051026218 138420.124708111 139419.211672092 140418.311634651 141417.424320289 142416.54946123 143415.686797162 144414.836074969 145413.997048491 146413.169478285 147412.353131397 148411.547781142 149410.753206898 150409.969193904 151409.195533064 152408.432020765 153407.678458696 154406.934653678 155406.200417499 156405.475566754 157404.759922694 158404.05331108 159403.355562039 160402.666509932 161401.985993218 162401.313854333 163400.649939564 164399.994098937 165399.346186099 166398.706058213 167398.073575851 168397.448602895 169396.831006436 170396.220656685 171395.617426876 172395.021193185 173394.431834639 174393.849233038 175393.273272877 176392.703841266 177392.14082786 178391.584124784 179391.033626568 180390.489230078 181389.950834453 182389.418341043 183388.891653345 184388.370676952 185387.855319488
131385.544527544 132384.844184891 133384.154339698 134383.47475778 135382.805211864 136382.145481335 137381.495351996 138380.854615835 139380.223070806 140379.60052061 141378.986774501 142378.381647085 143377.784958136 144377.196532417 145376.616199507 146376.043793638 147375.479153541 148374.922122285 149374.372547143 150373.830279445 151373.295174445 152372.767091197 153372.245892426 154371.731444411 155371.223616871 156370.722282857 157370.227318641 158369.738603621 159369.256020218 160368.779453784 161368.30879251 162367.843927341 163367.38475189 164366.931162355 165366.483057447 166366.040338308 167365.602908441 168365.170673642 169364.743541928 170364.321423477 171363.904230559 172363.491877482 173363.084280527 174362.681357898 175362.283029659 176361.88921769 177361.49984563 178361.114838829 179360.734124301 180360.35763068 181359.98528817 182359.617028507 183359.252784915 184358.892492065 185358.536086039
131351.784574095 132351.339131336 133350.90036785 134350.468134558 135350.042286781 136349.622684084 137349.209190117 138348.801672472 139348.400002539 140348.00405537 141347.613709551 142347.22884708 143346.849353244 144346.475116506 145346.106028399 146345.741983418 147345.38287892 148345.02861503 149344.679094545 150344.334222847 151343.993907818 152343.658059757 153343.326591302 154342.999417354 155342.676455003 156342.357623462 157342.042843993 158341.732039849 159341.425136208 160341.122060114 161340.822740418 162340.527107723 163340.235094333 164339.946634196 165339.66166286 166339.38011742 167339.101936475 168338.827060083 169338.555429716 170338.286988221 171338.021679778 172337.759449862 173337.500245207 174337.244013767 175336.990704683 176336.740268251 177336.492655886 178336.247820093 179336.005714436 180335.766293508 181335.529512904 182335.295329193 183335.063699889 184334.834583431 185334.607939153
131325.630822012 132325.382938641 133325.138773288 134324.898242935 135324.661267019 136324.427767337 137324.197667965 138323.970895174 139323.74737735 140323.527044919 141323.309830277 142323.09566772 143322.884493376 144322.676245142 145322.470862625 146322.268287083 147322.068461367 148321.871329869 149321.676838471 150321.484934494 151321.295566651 152321.108685002 153320.92424091 154320.742186996 155320.562477104 156320.385066255 157320.209910618 158320.036967465 159319.866195142 160319.697553034 161319.531001534 162319.366502009 163319.204016772 164319.043509054 165318.884942976 166318.728283521 167318.573496507 168318.420548568 169318.269407123 170318.120040357 171317.972417199 172317.826507296 173317.682280999 174317.539709335 175317.398763997 176317.259417315 177317.121642247 178316.985412354 179316.850701791 180316.717485281 181316.58573811 182316.455436101 183316.326555608 184316.199073497 185316.072967132
131307.087816307 132306.980049648 133306.873899722 134306.769330421 135306.666306703 136306.564794554 137306.464760952 138306.366173828 139306.269002036 140306.173215315 141306.078784264 142305.985680305 143305.893875659 144305.803343317 145305.714057014 146305.625991201 147305.539121024 148305.453422301 149305.368871493 150305.285445693 151305.203122595 152305.121880481 153305.0416982 154304.962555147 155304.88443125 156304.807306949 157304.731163182 158304.655981368 159304.581743395 160304.508431598 161304.436028756 162304.364518067 163304.293883143 164304.224107996 165304.155177022 166304.087074995 167304.019787051 168303.953298681 169303.887595717 170303.822664324 171303.758490992 172303.695062522 173303.632366022 174303.570388893 175303.509118826 176303.44854379 177303.388652026 178303.329432038 179303.270872587 180303.212962684 181303.15569158 182303.099048765 183303.043023956 184302.987607095 185302.932788338
131296.158781586 132296.133616436 133296.108828864 134296.084410436 135296.060352966 136296.03664851 137296.013289354 138295.990268008 139295.967577197 140295.945209853 141295.923159108 142295.901418288 143295.879980904 144295.858840648 145295.837991384 146295.817427147 147295.79714213 148295.777130686 149295.757387317 150295.737906673 151295.718683543 152295.699712856 153295.68098967 154295.662509175 155295.644266682 156295.626257622 157295.608477544 158295.590922108 159295.573587083 160295.556468345 161295.539561871 162295.522863736 163295.506370114 164295.490077271 165295.473981561 166295.45807943 167295.442367406 168295.4268421 169295.411500203 170295.396338485 171295.381353789 172295.366543035 173295.351903209 174295.337431372 175295.323124647 176295.308980224 177295.294995359 178295.281167365 179295.267493619 180295.253971553 181295.240598658 182295.227372479 183295.214290615 184295.201350716 185295.188550484
131292.845619247 132292.845497623 133292.845377824 134292.845259809 135292.845143538 136292.845028974 137292.844916079 138292.844804816 139292.844695151 140292.84458705 141292.844480478 142292.844375404 143292.844271797 144292.844169626 145292.844068862 146292.843969475 147292.843871437 148292.843774722 149292.843679303 150292.843585153 151292.843492248 152292.843400563 153292.843310074 154292.843220758 155292.843132592 156292.843045555 157292.842959624 158292.842874779 159292.842790999 160292.842708265 161292.842626556 162292.842545854 163292.842466141 164292.842387398 165292.842309608 166292.842232754 167292.842156818 168292.842081785 169292.842007638 170292.841934362 171292.841861942 172292.841790362 173292.841719608 174292.841649666 175292.841580523 176292.841512163 177292.841444575 178292.841377745 179292.841311661 180292.841246309 181292.841181679 182292.841117757 183292.841054533 184292.840991995 185292.840930133
131297.148905829 132297.116256772 133297.084097577 134297.0524173 135297.021205322 136296.990451337 137296.960145338 138296.930277606 139296.900838703 140296.87181946 141296.843210967 142296.815004564 143296.787191833 144296.759764591 145296.732714878 146296.706034952 147296.679717282 148296.653754541 149296.628139596 150296.602865505 151296.577925509 152296.553313029 153296.529021654 154296.505045141 155296.481377409 156296.458012529 157296.434944727 158296.412168373 159296.389677977 160296.367468188 161296.345533787 162296.323869684 163296.302470913 164296.281332629 165296.260450105 166296.239818727 167296.219433991 168296.199291501 169296.179386964 170296.159716189 171296.140275081 172296.121059642 173296.102065964 174296.083290233 175296.064728716 176296.04637777 177296.028233831 178296.010293416 179295.99255312 180295.975009613 181295.957659638 182295.940500012 183295.923527618 184295.906739409 185295.890132403
131309.067892508 132308.945161912 133308.8242725 134308.705183152 135308.587853962 136308.472246196 137308.358322247 138308.246045596 139308.135380772 140308.026293317 141307.918749745 142307.812717514 143307.708164989 144307.605061411 145307.503376868 146307.403082268 147307.304149304 148307.206550438 149307.110258864 150307.015248495 151306.921493928 152306.828970431 153306.737653917 154306.64752092 155306.558548581 156306.470714626 157306.383997347 158306.298375584 159306.213828708 160306.130336604 161306.047879659 162305.96643874 163305.885995184 164305.806530781 165305.728027764 166305.650468791 167305.573836935 168305.498115672 169305.423288869 170305.34934077 171305.276255987 172305.204019492 173305.1326166 174305.062032965 175304.992254568 176304.923267709 177304.855058995 178304.787615335 179304.72092393 180304.654972263 181304.589748096 182304.525239457 183304.461434637 184304.39832218 185304.335890878
131328.600505752 132328.330186162 133328.063920978 134327.801619676 135327.543194405 136327.288559892 137327.037633346 138326.790334371 139326.546584876 140326.306308995 141326.069433012 142325.835885278 143325.605596145 144325.378497893 145325.154524668 146324.933612413 147324.715698812 148324.500723226 149324.288626642 150324.079351617 151323.872842225 152323.669044007 153323.467903928 154323.269370323 155323.07339286 156322.879922494 157322.688911425 158322.500313062 159322.314081983 160322.130173898 161321.948545618 162321.769155013 163321.59196099 164321.416923451 165321.244003271 166321.073162265 167320.904363161 168320.737569572 169320.572745969 170320.409857661 171320.248870763 172320.089752178 173319.932469573 174319.776991355 175319.623286654 176319.471325298 177319.321077798 178319.172515324 179319.025609689 180318.880333333 181318.736659302 182318.594561235 183318.454013344 184318.314990402 185318.177467726
131355.743349118 132355.268009467 133354.799797069 134354.338552854 135353.884122449 136353.436356008 137352.995108044 138352.560237276 139352.131606472 140351.709082312 141351.292535245 142350.881839359 143350.47687225 144350.077514909 145349.683651595 146349.295169731 147348.911959796 148348.533915217 149348.160932275 150347.79291001 151347.429750127 152347.071356913 153346.717637147 154346.368500024 155346.023857078 156345.683622102 157345.347711081 158345.01604212 159344.688535382 160344.365113017 161344.045699105 162343.730219598 163343.418602256 164343.110776602 165342.806673859 166342.506226904 167342.209370219 168341.91603984 169341.626173316 170341.33970966 171341.056589307 172340.776754077 173340.50014713 174340.22671293 175339.956397206 176339.689146921 177339.42491023 178339.163636454 179338.90527604 180338.649780536 181338.397102559 182338.147195763 183337.900014815 184337.655515364 185337.413654015
131390.491706209 132389.754021442 133389.027393247 134388.311574984 135387.606327291 136386.911417819 137386.226620977 138385.551717688 139384.886495156 140384.230746641 141383.584271246 142382.946873715 143382.318364231 144381.698558232 145381.087276229 146380.484343635 147379.889590594 148379.302851827 149378.723966476 150378.152777959 151377.589133827 152377.03288563 153376.483888785 154375.942002455 155375.407089423 156374.87901598 157374.357651813 158373.842869899 159373.334546397 160372.832560557 161372.336794616 162371.847133712 163371.363465792 164370.88568153 165370.413674239 166369.947339799 167369.486576574 168369.031285342 169368.581369223 170368.136733609 171367.697286099 172367.262936437 173366.833596444 174366.409179967 175365.989602814 176365.574782702 177365.164639202 178364.759093689 179364.35806929 180363.961490833 181363.569284808 182363.181379312 183362.797704012 184362.418190099 185362.042770248
131432.839544763 132431.782325308 133430.740944193 134429.715048329 135428.70429504 136427.708351683 137426.726895282 138425.75961218 139424.806197705 140423.866355851 141422.939798975 142422.026247498 143421.12542963 144420.237081096 145419.360944885 146418.496770992 147417.644316193 148416.803343807 149415.973623481 150415.154930982 151414.347047992 152413.549761917 153412.762865698 154411.986157634 155411.21944121 156410.462524929 157409.715222158 158408.977350968 159408.248733991 160407.529198278 161406.818575161 162406.116700121 163405.423412664 164404.738556194 165404.0619779 166403.39352864 167402.733062833 168402.08043835 169401.435516418 170400.798161516 171400.168241283 172399.545626428 173398.930190636 174398.321810491 175397.720365386 176397.125737447 177396.537811456 178395.956474775 179395.381617277 180394.813131273 181394.250911448 182393.694854794 183393.144860549 184392.600830133 185392.062667093
131482.77952188 132481.34574293 133479.933431645 134478.542109791 135477.171313227 136475.820591385 137474.489506783 138473.177634548 139471.88456197 140470.609888069 141469.353223179 142468.114188555 143466.892415991 144465.687547459 145464.499234757 146463.327139175 147462.170931177 148461.030290087 149459.904903799 150458.79446849 151457.698688346 152456.617275303 153455.549948794 154454.496435505 155453.456469143 156452.429790216 157451.416145809 158450.415289388 159449.426980588 160448.450985033 161447.487074141 162446.535024954 163445.594619959 164444.66564693 165443.747898762 166442.841173322 167441.945273298 168441.060006058 169440.185183513 170439.320621979 171438.466142054 172437.621568493 173436.786730086 174435.961459545 175435.145593391 176434.338971847 177433.541438735 178432.752841371 179431.973030473 180431.201860063 181430.439187379 182429.684872786 183428.938779688 184428.20077445 185427.470726318
131540.302990374 132538.435820927 133536.596590284 134534.784676584 135532.999476266 136531.240403403 137529.506889069 138527.798380718 139526.114341608 140524.454250234 141522.817599794 142521.203897676 143519.612664965 144518.043435967 145516.495757761 146514.969189763 147513.463303305 148511.977681244 149510.511917566 150509.065617029 151507.638394801 152506.229876121 153504.839695974 154503.467498776 155502.112938069 156500.775676232 157499.455384204 158498.151741209 159496.864434502 160495.593159116 161494.337617623 162493.097519905 163491.872582927 164490.662530523 165489.467093193 166488.286007898 167487.11901787 168485.965872427 169484.826326793 170483.700141924 171482.587084346 172481.486925985 173480.399444021 174479.324420734 175478.261643356 176477.210903937 177476.171999205 178475.144730435 179474.128903328 180473.124327881 181472.130818276 182471.148192759 183470.176273536 184469.21488666 185468.263861933
131605.400006228 132603.042837854 133600.720914658 134598.433452901 135596.179691883 136593.958893108 137591.770339474 138589.61333451 139587.487201638 140585.391283469 141583.324941126 142581.287553602 143579.278517137 144577.297244623 145575.343165038 146573.415722897 147571.514377727 148569.638603566 149567.787888478 150565.961734089 151564.159655143 152562.381179071 153560.625845582 154558.893206264 155557.182824207 156555.494273636 157553.827139555 158552.181017416 159550.555512784 160548.950241029 161547.364827022 162545.798904842 163544.252117499 164542.724116658 165541.214562383 166539.723122886 167538.24947428 168536.793300349 169535.354292322 170533.932148654 171532.526574817 172531.137283096 173529.763992398 174528.406428053 175527.064321643 176525.737410817 177524.425439124 178523.128155849 179521.845315851 180520.57667941 181519.32201208 182518.081084543 183516.853672469 184515.639556383 185514.438521532
131678.059337155 132675.15581245 133672.295667114 134669.47793756 135666.701688489 136663.966011864 137661.270025924 138658.612874242 139655.993724822 140653.411769235 141650.866221794 142648.356318757 143645.881317571 144643.440496139 145641.033152126 146638.658602284 147636.316181811 148634.005243733 149631.725158312 150629.475312474 151627.255109264 152625.063967319 153622.901320366 154620.76661673 155618.659318874 156616.578902945 157614.524858342 158612.496687302 159610.493904498 160608.516036655 161606.562622175 162604.633210784 163602.727363183 164600.84465072 165598.984655067 166597.14696791 167595.331190657 168593.536934144 169591.763818362 170590.011472189 171588.279533132 172586.567647076 173584.875468046 174583.202657975 175581.548886477 176579.91383063 177578.297174771 178576.698610288 179575.117835429 180573.554555109 181572.008480727 182570.479329994 183568.966826755 184567.470700828 185565.99068784
