AgentSeal-Grey/Input/ho_distance_noBay_id_GS_large30.asc
NCOLS 284 
NROWS 185 
XLLCORNER 428292.82952926 
YLLCORNER 6186935 
CELLSIZE 1000 
NODATA_value -9999 
[rows 50 to 74 of 185, columns 110 to 164 of 284]
0 0 0 0 0 0 0 0 0 0 0 0 0 43966.4580014911 43619.2054977553 43292.2712191671 42986.1187637643 42701.1951288364 42437.9279005171 42196.7224266057 41977.9590095389 41781.9901592187 41609.1379473736 41459.6915061133 41333.9047132086 41231.9941052955 41154.1370576233 41100.4702651462 41071.0885547813 41066.044052638 41085.3457231618 41128.9592896568 41196.8075378271 41288.7709960867 41404.6889787353 41544.3609709468 41707.5483281246 41893.9762567528 42103.3360395573 42335.2874646955 42589.461416845 42865.4625874427 43162.8722618638 43481.2511429063 43820.1421724189 44179.0733161021 44557.5602802493 44955.1091332962 45371.2188093409 45805.3834751289 46257.0947462346 46725.8437422017 47211.1229741379 47712.4280616454 48229.2592789503
0 0 0 0 0 0 0 0 0 0 0 0 0 44901.8866997466 44561.9241983042 44241.9568657844 43942.4214896317 43663.7385645225 43406.3097312993 43170.5152105926 42956.7112638587 42765.2277167449 42596.3655811569 42450.3948130295 42327.5522424887 42228.0397117736 42152.0224539422 42099.6277420141 42070.9438338943 42066.0192332625 42084.8622807741 42127.4410835769 42193.6837845283 42283.4791658313 42396.6775753219 42533.0921575698 42692.5003664912 42874.6457314969 43079.2398454277 43305.9645397537 43554.4742107734 43824.3982598215 44115.3436107435 44426.8972690249 44758.6288888635 45110.093317012 45480.8330852465 45870.3808267009 46278.2615948902 46703.9950679126 47147.0976239485 47607.0842776645 48083.4704704139 48575.7737101293 49083.5150595005
0 0 0 0 0 0 0 0 0 0 0 0 46192.2479441991 45840.0417669627 45507.0883297911 45193.8131530625 44900.6281289298 44627.9292084112 44376.0940652677 44145.4797634821 43936.4204573669 43749.2251550247 43584.1755769633 43441.5241420244 43321.4921123523 43224.2679278565 43150.0057584891 43098.8242996972 43070.8058326599 43065.9955664931 43084.4012746113 43125.9932320433 43190.7044548797 43278.4312373645 43389.0339766375 43522.3382699543 43678.13626453 43856.1882361129 44056.2243690933 44277.9467084734 44521.0312523972 44785.1301531596 45069.8739946538 45374.8741150043 45699.7249445881 46044.0063316555 46407.2858302233 46789.1209276961 47189.0611926651 47606.6503264366 48041.4281049401 48492.9322006893 48960.6998773421 49444.2695520693 49943.1822233647
0 0 0 0 0 0 0 0 0 0 0 0 47125.9352176523 46780.7591772182 46454.5486282603 46147.7057643598 45860.6193413526 45593.6625577609 45347.1909217041 45121.5401282803 44917.0239731722 44733.9323295532 44572.529216139 44433.0509843977 44315.704652421 44220.6664117483 44148.0803315121 44098.0572816555 44070.6740937178 44065.9729738628 44083.961178548 44124.6109586277 44187.859772892 44273.6107672199 44381.7335108241 44512.0649766367 44664.4107488596 44838.5464372048 45034.2192744571 45251.1498717812 45489.0341046821 45747.5451017369 46026.3353081034 46325.0385963411 46643.272398182 46980.6398324834 47336.7318065796 47711.1290705488 48103.4042064082 48513.12353687 48939.848940941 49383.1395662593 49842.5534305694 50317.6489070951 50807.9860907339
0 0 0 0 0 0 0 0 0 0 0 48418.9850273614 48062.290521139 47723.8874065901 47404.167414431 47103.510987122 46822.2853604183 46560.8426194261 46319.5177488873 46098.6266991546 45898.464490727 45719.3033812311 45561.3911192752 45424.9493096259 45310.1719136068 45217.2239074794 45146.2401198333 45097.3242667031 45070.5482002902 45065.9513838686 45083.5406017731 45123.2899094276 45185.1408242662 45269.0027542831 45374.7536569159 45502.2409171716 45651.2824304296 45821.6678723218 46013.1601355513 46225.4969115358 46458.3923933763 46711.5390758584 46984.6096279832 47277.2588138577 47589.1254386021 47919.8342971835 48268.9981056998 48636.2193965214 49021.0923607898 49423.2046239781 49842.1389424865 50277.4748114963 50728.7899764933 51195.66184295 51677.6687805885
0 0 0 0 0 0 0 0 0 0 0 49351.0700094724 49001.1609060272 48669.2863025223 48355.8175223561 48061.1147115204 47785.5250716412 47529.3810756143 47292.9986836264 47076.675578762 46880.6894425255 46705.2962913741 46550.728895728 46417.195302841 46304.8774843494 46213.9301282538 46144.4795935293 46096.6230435177 46070.4277717788 46065.9307312162 46083.1382741207 46122.0261073844 46182.5394636194 46264.5934853781 46368.0738162133 46492.8373890466 46638.7133993086 46805.5044476755 46992.9878349939 47200.9169902281 47429.023010989 47677.0162954379 47944.5882440758 48231.413010117 48537.1492777543 48861.4420486085 49203.9244179572 49564.219323889 49941.9412542713 50336.697898289 50748.0917312378 51175.7215232052 51619.1837641702 52078.0739998868 52551.9880746315
0 0 0 0 0 0 0 0 0 0 0 50285.7644973192 49942.4045290009 49616.8260693576 49309.3813412357 49020.4115375822 48750.2451929469 48499.1965441796 48267.563896363 48055.6280111706 47863.6505357304 47691.8724906566 47540.5128361439 47409.7671348646 47299.8063298425 47210.7756544957 47142.7936906336 47095.951588392 47070.312459922 47065.9109561603 47082.7530332682 47120.8159123996 47180.0482334299 47260.3704002337 47361.6751121179 47483.8280731906 47626.6688688475 47790.0119962463 47973.648033685 48177.3449322232 48400.8494117296 48643.8884427987 48906.1707956569 49187.3886372563 49487.2191581928 49805.3262118574 50141.3619492735 50494.9684343556 50865.7792257731 51253.4209131801 51657.5145972213 52077.6773043945 52513.5233295117 52964.6655001019 53430.7163586285
0 0 0 0 0 0 0 0 0 0 51577.15048373 51222.9256395986 50885.8896958515 50566.3863569158 50264.7499571559 49981.3039777268 49716.3595446453 49470.2139214191 49243.1490106947 49035.4298803223 48847.3033299334 48678.9965145651 48530.7156419887 48402.6447601997 48294.9446509736 48207.7518444817 48141.1777687007 48095.308045756 48070.2019454328 48065.8920039273 48082.3838135312 48119.655986408 48177.660293011 48256.3219730564 48355.5402143933 48475.1887926631 48615.1168623798 48775.1498880461 48955.0907021924 49154.7206758253 49373.8009857144 49612.0739622468 49869.2645012333 50145.0815230416 50439.2194627455 50751.3597755718 51081.1724427704 51428.3174640836 51792.4463241995 52173.2034219062 52570.2274520677 52983.1527319831 53411.6104651336 53855.2299367266 54313.6396368003
0 0 0 0 0 0 0 0 0 0 52510.3080549079 52162.4204871653 51831.4939987105 51517.8554405838 51221.8223831933 50943.7017433355 50683.7883979922 50442.3637970205 50219.6945877759 50016.0312654653 49831.6068635813 49666.6356990792 49521.3121870126 49395.8097391073 49290.2797602185 49204.8507557855 49139.6275622602 49094.6907110755 49070.0959350467 49065.8738242091 49082.0296360259 49118.5432627053 49175.3693560991 49252.4376083792 49349.6531844531 49466.8972999553 49604.0279366792 49760.8806855482 49937.2697057007 50132.9887870094 50347.812502401 50581.4974356775 50833.7834701881 51104.3951236338 51393.0429144939 51699.4247460214 52023.2272944312 52364.1273887627 52721.7933709115 53095.8864254436 53486.0618700062 53891.9703983873 54313.2592695298 54749.5734370387 55200.5566149129
0 0 0 0 0 0 0 0 0 0 53445.8833963976 53104.1251794985 52779.1035367063 52471.129482763 52180.5048677703 51907.5211054614 51652.4578928481 51415.5819322408 51197.145667405 50997.386046228 50816.5233227001 50654.7599112368 50512.2793063584 50389.245080494 50285.7999721652 50202.0650760417 50138.1391453417 50094.0980157959 50069.994158924 50065.8563707164 50081.6896000098 50117.4749189367 50173.1696358598 50248.7075492225 50343.9993388071 50458.9330890411 50593.3749372667 50747.1698383404 50920.1424355813 51112.0980269682 51322.8236146154 51552.0890249411 51799.6480865842 52065.2398530199 52348.5898569485 52649.4113838847 52967.4067529084 53302.2685932463 53653.6811061933 54021.3213028301 54404.8602090119 54803.9640301744 55218.2952695859 55647.5137947572 56091.2778477742
0 0 0 0 0 0 0 0 0 0 54383.7517280789 54047.9242069466 53728.6122111707 53426.111866735 53140.7102724023 52872.6843210549 52622.2995161979 52389.8087936095 52175.4513587519 51979.4515510505 51802.017746479 51643.3413100377 51503.5956096617 51382.9351028343 51281.4945066991 51199.3880617642 51136.7088983799 51093.5285140512 51069.8963683566 51065.839600786 51081.3628752378 51116.4483532478 51171.055796307 51245.1227959041 51338.5651282329 51451.2772288923 51583.1327813933 51733.985411926 51903.6694816454 52092.0009667358 52298.7784157233 52523.7839729341 52766.7844566444 53027.5324803303 53305.7676054947 53601.2175148058 53913.599194712 54242.620117271 54587.979411635 54949.3690164283 55326.474805125 55718.9776774543 56126.5546108005 56548.8796665123 56985.6249469654
0 0 0 0 0 0 0 0 0 0 55323.7964353616 54993.7097410226 54679.9210875287 54382.7125950599 54102.3575110679 53839.1191171803 53593.2496343751 53364.98913549 53154.5644746478 52962.1882435762 52788.0577650526 52632.3541337935 52495.2413150332 52376.8653107657 52277.3534031765 52196.8134841498 52135.3334789147 52092.9808709021 52069.8023337393 52065.8234750321 52081.0486951994 52115.4611631735 52169.0229092779 52241.6750340883 52333.3380306073 52443.9122156645 52573.2782651305 52721.2978463293 52887.8143399771 53072.6536430807 53275.6250435124 53496.5221564491 53735.1239125208 53991.1955873593 54264.4898622571 54554.7479058379 54861.7004669747 55185.068969664 55524.5666011459 55879.8993852316 56250.7672335421 56636.8649681517 57037.8833099473 57453.5098278398 57883.4298447855
0 0 0 0 0 0 0 0 0 0 56265.9084350491 55941.3810258546 55632.9378168937 55340.8477455567 55065.3710443815 54806.7582266451 54565.249072761 54341.0716257139 54134.4412041861 53945.559442349 53774.6133654769 53621.7745105945 53487.1981012613 53371.0222853384 53273.3674441611 53194.3355809538 53134.009795588 53092.4538519003 53069.7118427704 53065.8079570377 53080.746351118 53114.5111269062 53167.066416239 53238.3565708718 53328.3064556321 53436.8218411642 53563.7898915195 53709.0797407791 53872.5431519609 54054.0152506584 54253.3153252124 54470.2476847265 54704.6025659082 54956.1570795529 55224.6761874708 55509.9137007934 55811.613290856 56129.50950424 56463.3287740378 56812.7904199715 57177.6076306287 57557.4884217566 57952.1365652654 58361.2524843126 58784.5341105652
0 0 0 0 0 0 0 0 0 0 57209.9855971082 56890.8438246423 56587.576111178 56300.4389787228 56029.6804225707 55775.5389692823 55538.2427375268 55318.0085092637 55115.0408190857 54929.5310697989 54761.65668245 54611.5802890289 54479.4489759539 54365.3935861968 54269.528087506 54191.94901366 54132.734985013 54091.9463138106 54069.6246988518 54065.79301308 54080.4551866173 54113.5961866355 54165.1820943008 54235.1602778796 54323.4596599462 54429.9910755488 54554.6477171547 54697.3056612606 54857.824470716 55036.0478660887 55231.8044588164 55444.9085384352 55675.1609058651 55922.3497445564 56186.2515212664 56466.6319083185 56763.2467194051 57075.8428513024 57404.1592242678 57747.9277143657 58106.8740715083 58480.7188175782 58869.1781196168 59271.9646336925 59688.788315698
0 0 0 0 0 0 0 0 0 0 58155.93221694 57842.00991563 57543.7552662178 57261.4130911636 56995.2198719805 56745.4028738357 56512.17927467 56295.7553056264 56096.3254098652 55914.0714270389 55749.1618107979 55601.7508866856 55471.9781576569 55359.9676642074 55265.8274057361 55189.6488292789 55131.5063911521 55091.45719634 55069.5407196636 55065.7786118857 55080.174592967 55112.7144336971 55163.3660259122 55232.0795404925 55318.787671331 55423.4059625022 55545.8332149482 55685.9519681703 55843.6290516643 56018.7162001987 56211.050726498 56420.4562444815 56646.7434359114 56889.7108531278 57149.1457504923 57424.8249372127 57716.5156443808 58023.9763993004 58346.9579005203 58685.2038873821 59038.4519983555 59406.4346129327 59788.879672387 60185.511475252 60596.0514439366
0 0 0 0 0 0 0 0 0 59427.7443031687 59103.6585333034 58794.796632694 58501.3997280267 58223.7016102282 57961.9279204497 57716.2953360134 57487.0107621926 57274.2705360004 57078.259648394 56899.1509914516 56737.1046371466 56592.2671543122 56464.7709702569 56354.7337832598 56262.2580318334 56187.4304262005 56130.3215468934 56090.9855147524 56069.4597358909 56065.7647244128 56079.9040048369 56111.8640953074 56161.6145717764 56229.1082124489 56314.2812208929 56417.0535253688 56537.3291511268 56674.9966616794 56829.9296643933 57001.9873751645 57191.0152364594 57396.8455826228 57619.2983460747 57858.181797845 58113.2933158241 58384.4201741315 58671.3403471239 58973.8233217634 59291.6309123395 59624.5180718772 59972.2336949536 60334.5214070738 60711.1203362215 61101.7658626794 61506.1903437061
0 0 0 0 0 0 0 0 0 60372.0696428639 60053.0802875367 59749.1264461653 59460.4386978297 59187.2404255924 58929.7470574531 58688.1653088076 58462.6924317761 58253.5154770162 58060.8105738241 57884.7422344438 57725.4626885444 57583.1112537786 57457.8137482063 57349.6819501389 57258.8131106523 57185.2895236102 57129.1781575549 57090.5303532571 57069.3815900846 57065.7513236548 57079.6428964979 57111.043522687 57159.9243465976 57226.2405751705 57309.9316822644 57410.921682937 57529.1194747742 57664.4192427303 57816.7009233482 57985.830723707 58171.6616900096 58374.0343203675 58592.7772160867 58827.7077655801 59078.6328549587 59345.3495993539 59627.6460891091 59925.3021451421 60238.0900779987 60565.7754454082 60908.1178034762 61264.8714470262 61635.7861349977 62020.6077972289 62419.0792193878
0 0 0 0 0 0 0 0 0 61318.1603846919 61004.1183201702 60704.9265799724 60420.8057720051 60151.9694540161 59898.6234253794 59660.9650216448 59439.1824167564 59233.4539380489 59043.9473992846 58870.8194570791 58714.2149960853 58574.2665482466 58451.0937513026 58344.8028515144 58255.4862552928 58183.2221340407 58128.0740860872 58090.09085908 58069.3061356401 58065.7383844656 58079.390778414 58110.2511804092 58158.2921973193 58223.4713012483 58305.7310169919 58404.9991737379 58521.1892184604 58654.2005878638 58803.9191352063 58970.2176078604 59152.9561710734 59351.9829730688 59567.1347463848 59798.2374401829 60045.1068781712 60307.5494367789 60585.3627382724 60878.3363536371 61186.2525102256 61508.8867994179 61846.0088798148 62197.3831718076 62562.7695397124 62941.9239580241 63334.5991587237
0 0 0 0 0 0 0 0 62589.6248103812 62265.9360562644 61956.6982014158 61662.1286616011 61382.4386134859 61117.8323339178 60868.5065387299 60634.6497253338 60416.4415235823 60214.0520595564 60027.6413370498 59857.3586415906 59703.3419718405 59565.7175031498 59444.5990879202 59340.0877972226 59252.2715078553 59181.2245386924 59127.0073397736 59089.6662371363 59069.2332358791 59065.7258834022 59079.1471941812 59109.4856368269 59156.7151835594 59220.7954216024 59301.671725389 59399.2754878738 59513.5244086825 59644.3228363049 59791.5621610599 59955.1212551389 60134.8669556766 60330.654586499 60542.3285139742 60769.7227322331 61012.6614729353 61270.9598347335 61544.4244276283 61832.8540275036 62136.0402362839 62453.7681433523 62785.8169841098 63131.9607918259 63491.9690392349 63865.6072666477 64252.637693687
0 0 0 0 0 0 0 0 63534.1729615196 63215.3208721019 62910.7498923779 62620.6684017333 62345.2786515416 62084.7761467889 61839.349028393 61609.1774601311 61394.4330242771 61195.2781301872 61011.8654401706 60844.3373170257 60692.8252976126 60557.4495967676 60438.3186457364 60335.528669119 60249.1633040709 60179.2932652015 60125.9760582533 60089.2557452342 60069.1627632239 60065.7137985824 60078.911717771 60108.7455554535 60155.1905599905 60218.2082958908 60297.7468022297 60393.74080552 60506.1119850123 60634.7692879372 60779.6092917673 60940.5166102028 61117.3643392525 61310.0145395142 61518.3187505475 61742.1185330767 61981.2460346758 62235.5245745509 62504.769243059 62788.7875116773 63087.3798492622 63400.3403405976 63727.4573034428 64068.5139005163 64423.2887431181 64791.5564833697 65173.0883923434
0 0 0 0 0 0 0 64808.452186777 64480.3934068666 64166.2434069722 63866.2074341457 63580.4853007575 63309.2708071919 63052.7511627913 62811.1064084641 62584.5088445529 62373.122467714 62177.1024206738 61996.5944588046 61831.7344374877 61682.6478242182 61549.4492393315 61432.2420291134 61331.1178748772 61246.1564413687 61177.425067578 61124.9785027173 61088.8586897494 61069.0945984521 61065.7021095574 61078.6839510457 61108.029687188 61153.7157604406 61215.7055857995 61293.9496967344 61388.3859413515 61498.939726981 61625.5243109652 61768.0411350391 61926.3802003509 62100.4204798722 62290.0303647016 62495.0681405658 62715.3824906816 62950.8130210485 63201.190804205 63466.3389374875 63746.0731118911 64040.202187728 64348.5287734196 64670.8498039273 65006.9571155322 65356.638013894 65719.675832567 66095.8504794076
0 0 0 0 0 0 66088.4242192779 65751.5435168313 65428.2135924884 65118.6362953249 64823.0086622129 64541.5223796266 64274.3632417962 64021.7106081748 63783.7368633683 63560.6068828321 63352.4775077695 63159.497032758 62981.8047096897 62819.5302716282 62672.7934801579 62541.7036997318 62426.3595024054 62326.8483061841 62243.2460499981 62175.6169080704 62124.0130461454 62088.4744217167 62069.0286300236 62065.6907971965 62078.4635215122 62107.3368632905 62152.2883835243 62213.2832308928 62290.2742763733 62383.2022942421 62491.9961878547 62616.5732582147 62756.8395129956 62912.6900133702 63084.0092557292 63270.6715851464 63472.5416372621 63689.4748051237 63921.3177274296 64167.9087945799 64429.0786689368 64704.6508157379 64994.442041186 65298.2630343534 65615.9189096833 65947.2097470443 66291.9311264891 66649.8746550786 67020.8284833619
0 0 0 0 0 0 67028.4254312097 66696.292811863 66377.5649892664 66072.4359545098 65781.0949439223 65503.7259328036 65240.5071266185 64991.6104524029 64757.2010532837 64537.436789153 64332.4677466398 64142.4357615999 63967.4739573909 63807.7063022015 63663.2471886765 63534.2010390077 63420.6619385478 63322.7133008535 63240.4275668706 63173.8659407442 63123.0781644689 63088.1023332939 63068.9647534719 63065.6798435822 63078.250080291 63106.6659890241 63150.9061796327 63210.9374267404 63286.7147940688 63378.1818016605 63485.2706345562 63607.9023911445 63745.9873690877 63899.4253864494 64068.1061354004 64251.9095656732 64450.7062947643 64664.3580417566 64892.718081546 65135.6317162084 65392.9367602347 65664.4640363916 65950.0378790269 66249.4766417336 66562.5932064108 66889.1954909061 67229.086952592 67582.0670854162 67947.9319081619
0 0 0 0 0 68310.7177295681 67970.1391479173 67642.6306026441 67328.3828255535 67027.5823296858 66740.4109368629 66467.0453012607 66207.6564314005 65962.4092131032 65731.4619360881 65514.9658270072 65313.0645917985 65125.8939703016 64953.5813061103 64796.2451346373 64653.9947923292 64526.9300499028 64415.1407723647 64318.7066084361 64237.6967118265 64172.1694965904 64122.1724285574 64087.7418545557 64068.9028708522 64065.6692319155 64078.0433002735 64106.0160378903 64149.5670391373 64208.6646050772 64283.2658584317 64373.316898264 64478.7529930817 64599.4988107599 64735.4686834033 64886.5669050105 65052.6880595793 65233.7173771007 65429.5311147342 65639.9969603327 65864.9744554039 66104.3154345428 66357.8644783574 66625.4593769271 66906.9316008819 67202.1067772701 67510.8051674851 67832.8421446474 68168.0286679846 68516.1717519134 68877.0749277015
0 0 0 0 69598.121365955 69249.4343423015 68913.4951644977 68590.491140141 68280.6058401966 67984.018658526 67700.9043663475 67431.4326637055 67175.7677301746 66934.0677771558 66706.4846042377 66493.1631621923 66294.2411252474 66109.848475329 65940.1071009859 65785.1304137037 65645.0229842791 65519.8802018521 65409.7879580997 65314.8223589568 65235.04946607 65170.5250699971 65121.2944969435 65087.3924505827 65068.8428902396 65065.6589464305 65077.842874451 65105.3860463959 65148.2689816757 65206.4614157776 65279.9224067079 65368.6004782443 65472.4337988351 65591.350394708 65725.2683954953 65874.0963104497 66037.733333125 66216.0696722136 66408.9869060955 66616.358358533 66838.0494928675 67073.9183220239 67323.8158316063 67587.5864133834 67865.0683064939 68156.0940437728 68460.4909006803 68778.0813444272 69108.6834810154 69452.1114980509 69808.1761013437
