AgentSeal-Grey/Input/ho_distance_noBay_id_GS_large30.asc
NCOLS 284 
NROWS 185 
XLLCORNER 428292.82952926 
YLLCORNER 6186935 
CELLSIZE 1000 
NODATA_value -9999 
[rows 0 to 24 of 185, columns 110 to 164 of 284]
0 0 0 0 0 0 0 0 0 0 0 0 0 0 0 0 0 0 0 0 0 0 0 0 0 0 0 0 0 0 0 0 0 0 10385.0021389409 10928.5830959154 11533.4117910897 12190.3751624537 12891.5051743343 13629.9877005963 14400.0772142696 15196.969528016 16016.6645058816 16855.835812931 17711.7153322598 18581.9944857792 19464.7419229757 20358.3358157431 21261.4086138498 22172.8021527187 23091.5312260172 24016.7540150756 24947.7480442458 25883.890579619 26824.6425995988
0 0 0 0 0 0 0 0 0 0 0 0 0 0 0 0 0 0 0 0 0 0 0 0 0 0 0 0 0 0 0 0 0 0 0 10127.3850763328 10777.2718042577 11477.5975971179 12219.6933537584 12996.4058384773 13801.8920361278 14631.400576686 15481.0704376011 16347.7582852356 17228.8960763889 18122.3761982122 19026.4599473483 19939.7050426171 20860.9083274216 21789.0604502261 22723.3099341211 23662.9345902119 24607.3186771572 25555.934565922 26508.3279479527
0 0 0 0 0 0 0 0 0 0 0 0 0 0 0 0 0 0 0 0 0 0 0 0 0 0 0 0 0 0 0 0 0 0 8724.00535452651 9364.50364324385 10063.7760081814 10810.4230537647 11595.2967042628 12411.1467930408 13252.2535357926 14114.1022681376 14993.1164837057 15886.4470839923 16791.8093132041 17707.3577664633 18631.5908641224 19563.2777720547 20501.4022994791 21445.1196150455 22393.7226552918 23346.6158879751 24303.2946836261 25263.3289876392 26226.3503102549
0 0 0 0 0 0 0 0 0 0 0 0 0 0 0 0 0 0 0 0 0 0 0 0 0 0 0 0 0 0 0 0 0 0 7952.24933121486 8650.0825709543 9402.63726530208 10197.8059699804 11026.3731870406 11881.3536568191 12757.4379785648 13650.5634621963 14557.5939596476 15476.0848069687 16404.1110704301 17340.1418411018 18282.9477417633 19231.5323670936 20185.0810314224 21142.9221089141 22104.4976048344 23069.3405501902 24037.057483793 25007.3147606393 25979.8277630205
0 0 0 0 0 0 0 0 0 0 0 0 0 0 0 0 0 0 0 0 0 0 0 0 0 0 0 0 0 0 0 0 0 6540.8417170336 7236.59239046992 7997.12001187473 8805.65656512037 9650.14230990235 10521.9249978266 11414.7520655688 12324.0506237571 13246.4290597673 14179.3350300347 15120.820115076 16069.3764661548 17023.8221052009 17983.2193482716 18946.8160171193 19914.0025169499 20884.2801002 21857.2371163907 22832.5310340455 23809.8746842391 24789.0256270328 25769.7778530629
0 0 0 0 0 0 0 0 0 0 0 0 0 0 0 0 0 0 0 0 0 0 0 0 0 0 0 0 0 0 0 0 0 5823.45347429574 6595.32178334061 7421.85478733768 8286.7115035367 9179.06567148136 10091.6255211877 11019.3722470206 11958.7718339689 12907.2802261146 13863.027876116 14824.614698281 15790.9740045068 16761.2803529303 17734.8859068235 18711.2756696749 19690.0354556585 20670.828607088 21653.3788209168 22637.4573090851 23622.8730784206 24609.4654866311 25597.0984800272
0 0 0 0 0 0 0 0 0 0 0 0 0 0 0 0 0 0 0 0 0 0 0 0 0 0 0 0 0 0 0 0 4411.00343558776 5200.25099079718 6052.12932989763 6943.62502474949 7861.27136936815 8796.88846134629 9745.30172236281 10703.1100488787 11667.9999904409 12638.3496879714 13612.9916584845 14591.0657922061 15571.9253790598 16555.0753266039 17540.1305048751 18526.7870173586 19514.8019781162 20503.9790114897 21494.157679754 22485.2056566234 23477.0128525579 24469.486948804 25462.5499625668
0 0 0 0 0 0 0 0 0 0 0 0 0 0 0 0 0 0 0 0 0 0 0 0 0 0 0 0 0 0 0 0 3819.28675393286 4708.78013579813 5635.44757990057 6583.6105963466 7545.16981537509 8515.58844715781 9492.14968591876 10473.1353814609 11457.409121478 12444.1907264172 13432.9275250769 14423.217427207 15414.7611078151 16407.3312598219 17400.7522287989 18394.8861694377 19389.6234167941 20384.8756509234 21380.5709550079 22376.6501831853 23373.0642509528 24369.7720862894 25366.7390611448
0 0 0 0 0 0 0 0 0 0 0 0 0 0 0 0 0 0 0 0 0 0 0 0 0 0 0 0 0 0 1595.50405569111 2476.14463435537 3423.00325865562 4393.47361062828 5374.78087235258 6361.91232919217 7352.52252923086 8345.37276587257 9339.74869361524 10335.2099503787 11331.4705037311 12328.3365802304 13325.6722867542 14323.3795227414 15321.385707925 16319.6359968453 17318.0881776265 18316.7092346461 19315.4729749258 20314.358353234 21313.3482672744 22312.428675979 23311.5879441785 24310.816348648 25310.1057010082
0 0 0 0 0 0 0 0 0 0 0 0 0 0 0 0 0 0 0 0 0 0 0 0 0 0 0 0 0 0 1294.46251074597 2293.7506948766 3293.47101228582 4293.3216007291 5293.22863910177 6293.16521984981 7293.11919159747 8293.08426349133 9293.05685228965 10293.0347671815 11293.0165933168 12293.0013762078 13292.9884485757 14292.9773298809 15292.9676652705 16292.9591870086 17292.951689288 18292.9450113034 19292.9390255888 20292.9336298035 21292.9287408315 22292.9242904705 23292.92022223 24292.916488921 25292.9130508174
0 0 0 0 0 0 0 0 0 0 0 0 0 0 0 0 0 0 0 0 0 0 0 0 0 0 0 0 0 0 1675.00244528979 2528.10052218002 3460.77322411726 4422.96397987674 5398.91372646454 6382.31372500031 7370.18232765292 8360.93574914719 9353.65734137656 10347.7806663268 11342.9371759226 12338.8768871177 13335.4243237314 14332.452719353 15329.8682320171 16327.5999176097 17325.5931537148 18323.8052048849 19322.2021582709 20320.7567601113 21319.446858728 22318.2542646294 23317.1639029958 24316.1631746805 25315.241468258
0 0 0 0 0 0 0 0 0 0 0 0 0 0 0 0 0 0 0 0 0 0 0 0 0 0 0 0 0 2085.65916036314 2436.31549511281 3085.65912735786 3886.76617624047 4763.67614005057 5681.39678475348 6622.98486215447 7579.55061615446 8546.06614772946 9519.50133462292 10497.9314495003 11480.0794325182 12465.0664994395 13452.2690239962 14441.2326673483 15431.6188396101 16423.1701893857 17415.6877018408 18409.0151063703 19403.0280174278 20397.6262173717 21392.7280719905 22388.266422853 23384.1855209706 24380.438706834 25376.9866334876
0 0 0 0 0 0 0 0 0 0 0 0 0 0 0 0 0 0 0 0 0 0 0 0 0 0 0 0 3145.52302084829 3078.95666309331 3326.50465078989 3827.70064794086 4498.54991177901 5274.71424508353 6116.23000105516 6999.56630687411 7910.72610718178 8841.11116327396 9785.23917233951 10739.4862408966 11701.3770034525 12669.1705661992 13641.6106781409 14617.7700403477 15596.9503432885 16578.6163195102 17562.3511560397 18547.8256727458 19534.7765854921 20522.9908956665 21512.2944931992 22502.5437100042 23493.6189736526 24485.4199787892 25477.861970664
0 0 0 0 0 0 0 0 0 0 0 0 0 0 0 0 0 0 0 0 0 0 0 0 0 0 0 4408.92912351361 4126.05320793207 4075.53360104007 4265.63397301348 4667.04320209776 5231.34316488289 5912.07327147483 6673.6998303645 7491.59051766227 8349.22676317079 9235.54257211603 10143.0225110609 11066.4612554514 12002.1757934521 12947.5048884118 13900.4871099529 14859.6500952239 15823.8699442016 16792.275577465 17764.1824503141 18739.0457917838 19716.4270659034 20695.9695424884 21677.3802467487 22660.4164441135 23644.8753957209 24630.5865041352 25617.4052276223
0 0 0 0 0 0 0 0 0 0 0 0 0 0 0 0 0 0 0 0 0 0 0 0 0 0 5743.08253097989 5344.9654831595 5114.12896539446 5073.45780835976 5227.39258060142 5559.7924646741 6041.27067004674 6639.47365137381 7325.86304989434 8077.99037411702 8879.16592607928 9717.26538699893 10583.5204757154 11471.5545903076 12376.6806445399 13295.4083365442 14225.1025266593 15163.7462703808 16109.7752936224 17061.9611730167 18019.3279044488 18981.0915699432 19946.6161602686 20915.3808309485 21886.9553470127 22860.9814623224 23837.1586494525 24815.2330542691 25794.9888659834
0 0 0 0 0 0 0 0 0 0 0 0 0 0 0 0 0 0 0 0 0 0 0 0 0 7108.2584293993 6641.76158542644 6300.68694795785 6106.08836119218 6072.06506332126 6201.2606131114 6483.92568204224 6901.22824638969 7430.51884913073 8049.7372271278 8739.7899565337 9485.22996784197 10274.0083025744 11096.8872058739 11946.8223690824 12818.4329688511 13707.5848651558 14611.0760005541 15526.4033488921 16451.5914127177 17385.0659782909 18325.5607861819 19272.0480797078 20223.6865147057 21179.7817576954 22139.7564205691 23103.1269186803 24069.4855050782 25038.4862069912 26009.8337287305
0 0 0 0 0 0 0 0 0 0 0 0 0 0 0 0 0 0 0 0 0 0 0 0 8489.50403973083 7978.55487535971 7565.91018699313 7268.33240958106 7100.30387199636 7071.06598280674 7182.31391626172 7427.73803053439 7794.67454796972 8266.95895521969 8827.69898817394 9461.18007884467 10153.7967058065 10894.2758640199 11673.5129956619 12484.2526695997 13320.7441149858 14178.4301964445 15053.6886474368 15943.6257153913 16845.915232216 17758.6744738882 18680.3687899369 19609.7383252956 20545.7415598729 21487.5116126463 22434.3222398656 23385.5612167134 24340.709366803 25299.3239343997 26261.0253150217
0 0 0 0 0 0 0 0 0 0 0 0 0 0 0 0 0 0 0 0 0 0 0 9880.08197243758 9338.18391554836 8876.2231776317 8507.23203854499 8243.70402283867 8095.94435965852 8070.31437635528 8167.96383388949 8384.58658791516 8711.31168704042 9136.33462430569 9646.6714169089 10229.5615001 10873.3429791784 11567.8540188476 12304.5075342286 13076.1831097002 13877.0394456789 14702.3087586762 15548.10412539 16411.2522664326 17289.1544041636 18179.6732387997 19081.0423753014 19991.7942463044 20910.7029113105 21836.738659965 22769.0319153478 23706.8444424949 24649.5462935765 25596.5972648258 26547.5319115772
0 0 0 0 0 0 0 0 0 0 0 0 0 0 0 0 0 0 0 0 0 0 11276.5402816452 10711.9568605407 10214.2879752142 9793.73973000744 9460.60235701968 9224.35125177735 9092.5417279596 9069.72844870268 9156.72611754478 9350.47016198901 9644.52960536526 10030.0852622142 10497.0600372584 11035.1224952117 11634.4139320744 12285.977641253 12981.9453727046 13715.5592200394 14481.0988456307 15273.7645273013 16089.5475975544 16925.1056408073 17777.6505762434 18644.8523477535 19524.7580811658 20415.7252427282 21316.3668631662 22225.5068626929 23142.1436855389 24065.4206990164 24994.6020668297 25929.0530397408 26868.2238079894
0 0 0 0 0 0 0 0 0 0 0 0 0 0 0 0 0 0 0 0 0 0 12095.05521788 11570.4805337586 11111.331101205 10726.0122086042 10422.7154310979 10208.7538914486 10089.8124400153 10069.2588671266 10147.6910276046 10322.8529123613 10589.9457651476 10942.239732673 11371.8190904449 11870.2960571473 12429.3840371455 13041.2900666064 13698.9381216169 14396.0607361322 15127.2014522491 15887.6644864954 16673.4382145366 17481.1098318296 18307.7814060308 19150.992639274 20008.652581522 20878.9807506633 21760.4571699468 22651.7804003043 23551.8325053939 24459.6499038856 25374.3991550375 26295.3568437032 27221.8928547632
0 0 0 0 0 0 0 0 0 0 0 0 0 0 0 0 0 0 0 0 0 0 12939.1020060731 12450.1413559078 12024.6280125668 11669.5046124129 11391.3562387297 11195.9214009463 11087.5748058215 11068.8741131701 11140.2707862837 11300.0571790698 11544.5637123612 11868.5555299407 12265.7355843752 12729.2548283208 13252.1540718046 13827.6985287273 14449.5988061914 15112.1330300659 15810.1936666484 16539.2830205982 17295.4774982932 18075.3755411191 18876.0393094263 19694.9363814542 20529.885000361 21379.0045883004 22240.6721176562 23113.4842744146 23996.2250023234 24887.8378615068 25787.4025927229 26694.1152979021 27607.2716978011
0 0 0 0 0 0 0 0 0 0 0 0 0 0 0 0 0 0 0 0 0 14316.5883388832 13803.9979978108 13346.7606475162 12950.7404746063 12621.701069948 12364.9907787125 12185.181821219 12085.7070572924 12068.5531085216 12134.0691110495 12280.9320595078 12506.2764765843 12805.9599549306 13174.9106040917 13607.4953053208 14097.8575515164 14640.1928471372 15228.9495914816 15858.9585004315 16525.5022246505 17224.3398374349 17951.7002507832 18704.2562255891 19479.0877612636 20273.6409919266 21085.6865699945 21913.2799276276 22754.7247015886 23608.539880806 24473.4307844677 25348.263716094 26232.0440011671 27123.8970566121 28023.0521284925
0 0 0 0 0 0 0 0 0 0 0 0 0 0 0 0 0 0 0 0 0 15168.8727882149 14686.060081709 14257.1392566 13887.1047681151 13580.7708875132 13342.5258837166 13176.0637527361 13084.124543686 13068.2812233747 13128.8092830891 13264.6632920043 13473.5649072087 13752.185657825 14096.392071229 14501.5146962077 14962.6063084894 15474.6646684627 16032.8071671772 16632.3950385508 17269.1118409989 17939.0045107149 18638.4962347816 19364.3796944929 20113.7977520658 20884.2169848316 21673.3979368268 22479.3646971299 23300.3754528782 24134.8949718786 24981.5694935712 25839.2041948015 26706.7432024043 27583.2520116409 28467.9021109075
0 0 0 0 0 0 0 0 0 0 0 0 0 0 0 0 0 0 0 0 16542.0386472323 16038.2262630581 15582.3733982845 15178.8016583025 14831.7793551754 14545.3545126658 14323.1629522828 14168.2269891531 14082.7665987435 14068.0479858866 14124.2923076424 14250.659361947 14445.3089724231 14705.5299247354 15027.9163367982 15408.5667238821 15843.2820950347 16327.7446881487 16857.6660798548 17428.900272777 18037.5226618549 18679.8790904933 19352.6107255318 20052.660695092 20777.2678668541 21523.9522176929 22290.4952418749 23074.9179237233 23875.4580321528 24690.5478939534 25518.7933563115 26358.9543309413 27209.9270943376 28070.7283756174 28940.4811742343
0 0 0 0 0 0 0 0 0 0 0 0 0 0 0 0 0 0 0 0 17400.2598430749 16922.0182503461 16490.6143222006 16109.8112894623 15783.2721208438 15514.4235438874 15306.3057906748 15161.4199868009 15081.5886124336 15067.8457031258 15120.3714634174 15238.480641135 15420.6663704513 15664.6931143667 15967.725868946 16326.4793658745 16737.3709865931 17196.6638218396 17700.5905455125 18245.4532615227 18827.6983133077 19443.9677750054 20091.1309262064 20766.299645158 21466.8316248814 22190.3248977911 22934.60656144 23697.717974239 24477.8981173852 25273.5663352762 26083.3052806221 26905.8445959358 27740.045646667 28584.8874676408 29439.4539792471
