AgentSeal-Grey/Input/ho_distance_noBay_id_GS_large42.asc
NCOLS 284 
NROWS 185 
XLLCORNER 428292.82952926 
YLLCORNER 6186935 
CELLSIZE 1000 
NODATA_value -9999 
[rows 50 to 74 of 185, columns 110 to 164 of 284]
0 0 0 0 0 0 0 0 0 0 0 0 0 72551.2397007997 73029.2273078485 73517.7101128696 74016.4803222799 74525.3313870993 75044.0582419121 75572.4575257019 76110.32778495 76657.4696594601 77213.686051435 77778.7822783829 78352.5662104733 78934.8483929952 79525.4421545938 80124.163701983 80730.8322018341 81345.2698505525 81967.3019326471 82596.756868392 83233.4662514711 83877.2648772794 84527.9907625386 85185.4851568642 85849.5925469006 86520.1606536151 87197.0404233188 87880.0860129552 88569.1547701734 89264.1072086729 89964.8069792848 90671.1208372241 91382.9186059245 92100.0731378403 92822.4602725766 93549.9587926824 94282.4503774223 95019.8195548151 95761.9536522106 96508.7427456531 97260.0796082605 98015.8596578314 98775.9809038727
0 0 0 0 0 0 0 0 0 0 0 0 0 71671.5590881271 72155.3743056012 72649.7329674372 73154.4213243359 73669.2270785908 74193.9396272734 74728.3502860461 75272.25249408 75825.442000631 76387.7170338895 76958.8784527691 77538.7298823408 78127.0778336495 78723.7318086716 79328.5043911845 79941.2113243269 80561.6715756272 81189.7073902704 81825.1443333665 82467.8113219623 83117.5406475269 83774.1679896125 84437.5324213725 85107.4764075921 85783.845795857 86466.4898014595 87155.2609866118 87850.015234506 88550.611718731 89256.9128685279 89968.7843303359 90686.0949260526 91408.7166084041 92136.5244137961 92869.3964129873 93607.2136599049 94349.860138898 95097.2227106982 95849.191057341 96605.6576262756 97366.5175738749 98131.6687085378
0 0 0 0 0 0 0 0 0 0 0 0 70316.1199374963 70795.0731486513 71284.8373862311 71785.1913714795 72295.9152324559 72816.7907721631 73347.6017154991 73888.1339355245 74438.1756596206 74997.5176561935 75565.9534026374 76143.2792353212 76729.2944823984 77323.8015802711 77926.6061745515 78537.5172063783 79156.346984943 79782.9112470785 80417.0292047507 81058.5235812758 81707.2206370696 82362.9501857072 83025.5456010487 83694.8438161535 84370.6853146806 85052.9141154339 85741.3777506864 86435.9272388768 87136.4170522459 87842.7050799408 88554.6525870887 89272.1241703058 89994.9877100776 90723.1143204174 91456.3782961804 92194.6570583815 92937.8310978425 93685.7839174632 94438.4019733929 95195.5746153499 95957.1940263218 96723.155161852 97493.3556891043
0 0 0 0 0 0 0 0 0 0 0 0 69436.9262213152 69921.9020202032 70417.7395347324 70924.2109595865 71441.0901323493 71968.1528063419 72505.1769007944 73051.9427289515 73608.2332048021 74173.8340291983 74748.5338561872 75332.1244404278 75924.4007665955 76525.1611617064 77134.2073912972 77751.3447404106 78376.3820803225 79009.1319219444 79649.4104568121 80297.0375865527 80951.836941695 81613.6358906604 82282.2655397371 82957.5607248088 83639.3599955718 84327.5055929403 85021.8434202993 85722.2230092315 86428.4974803041 87140.5234994687 87858.1612305879 88581.2742845715 89309.729665569 90043.3977146328 90782.1520512378 91525.8695130102 92274.4300939924 93027.7168817424 93785.6159935421 94548.0165119642 95314.8104200243 96085.8925361247 96861.1604489757
0 0 0 0 0 0 0 0 0 0 0 68081.0624476869 68561.0437716957 69052.1714511781 69554.2093706873 70066.9230110751 70590.0797513252 71123.4491455313 71666.803175637 72219.9164806635 72782.5665632405 73354.5339743294 73935.6024770852 74525.5591908447 75124.1947162604 75731.3032426165 76346.6826383678 76970.1345259457 77601.4643418582 78240.4813831 78886.9988408593 79540.8338224855 80201.8073626447 80869.7444245578 81544.4738921762 82225.8285541127 82913.6450801004 83607.7639907166 84308.0296210621 85014.2900790474 85726.3971988963 86444.2064904378 87167.5770847164 87896.371676415 88630.4564635488 89369.7010848505 90113.9785552389 90863.1651997253 91617.1405860884 92375.7874566145 93138.9916591764 93906.6420778991 94678.6305636344 95454.8518644479 96235.2035562985
0 0 0 0 0 0 0 0 0 0 0 67202.3888266321 67688.6011309465 68186.01309743 68694.3814382327 69213.4647322321 69743.0237321157 70282.8216448157 70832.6243860517 71392.2008098504 71961.3229139969 72539.7660224449 73127.3089457664 73723.7341207571 74328.8277303403 74942.3798049217 75564.1843063475 76194.0391956101 76831.7464854255 77477.1122787834 78129.9467945405 78790.0643810897 79457.2835191008 80131.4268142861 80812.3209810968 81499.796818215 82193.6891766567 82893.8369212535 83600.0828862382 84312.2738256086 85030.2603589036 85753.8969129768 86483.0416603161 87217.5564544117 87957.3067626392 88702.1615970859 89451.9934437129 90206.6781902126 90966.0950528882 91730.1265028541 92498.6581918253 93271.578877741 94048.7803504393 94830.1573575816 95615.607531
0 0 0 0 0 0 0 0 0 0 0 66327.1517857193 66819.7330364644 67323.5648352261 67838.3965109834 68363.9795523924 68900.0679194038 69446.4183263397 70002.7904973473 70568.9473952532 71144.6554249336 71729.6846123768 72323.8087606673 72926.8055841478 73538.4568220371 74158.5483327791 74786.8701703959 75423.2166440955 76067.3863623609 76719.1822627119 77378.4116282942 78044.8860924036 78718.4216320092 79398.8385512867 80085.9614561242 80779.6192205084 81479.6449456479 82185.875912637 82898.1535294116 83616.3232726985 84340.2346256099 85069.7410114869 85804.6997245487 86544.9718578641 87290.4222291141 88040.9193045798 88796.3351217496 89556.5452109033 90321.4285160011 91090.8673151684 91864.747141045 92642.9567012337 93425.3877990623 94211.9352548481 95002.4968278319
0 0 0 0 0 0 0 0 0 0 64967.9567552138 65455.4891816252 65954.5807587644 66464.9710909656 66986.4019124882 67518.6174343042 68061.3646593899 68614.3936674877 69177.4578704327 69750.3142392492 70332.7235043015 70924.4503298478 71525.2634643842 72134.9358681914 72753.2448195035 73379.972000711 74014.9035659958 74657.8301917634 75308.5471112057 75966.8541342816 76632.5556543545 77305.4606426755 77985.3826318418 78672.1396893036 79365.5543819346 80065.4537326201 80771.6691697581 81484.0364705098 82202.3956985798 82926.5911372487 83656.4712183279 84391.888447655 85132.6993276965 85878.7642777799 86629.9475524314 87386.1171582508 88147.1447697204 88912.9056443021 89683.2785371448 90458.1456156913 91237.3923744434 92020.9075501141 92808.5830373742 93600.3138053698 94395.9978151734
0 0 0 0 0 0 0 0 0 0 64093.4115564722 64587.5457344978 65093.2924583199 65610.3831883559 66138.551852769 66677.5351991953 67227.0731126862 67786.9089010332 68356.7895487748 68936.4659412855 69525.6930604257 70124.2301532862 70731.8408755885 71348.293411322 71973.3605701902 72606.8198644255 73248.4535664996 73898.0487492205 74555.3973096562 75220.2959782745 75892.5463146265 76571.9546908413 77258.3322641304 77951.4949394384 78651.2633233047 79357.4626699363 80069.9228204252 80788.4781359779 81512.9674259617 82243.2338715132 82979.1249453917 83720.4923287092 84467.1918251103 85219.0832729295 85976.0304558021 86737.9010121615 87504.5663440146 88275.9015253459 89051.7852104667 89832.099542589 90616.730062876 91405.5656201889 92198.4982817246 92995.4232447151 93796.2387493348
0 0 0 0 0 0 0 0 0 0 63222.5861931267 63723.4734144793 64236.023562051 64759.959713722 65295.0077814637 65840.8968669165 66397.3595807729 66964.1323273659 67540.9555559846 68127.5739805404 68723.7367692745 69329.197706241 69943.715326322 70567.0530255309 71198.979148346 71839.2670537856 72487.6951618939 73144.0469822539 73808.1111260862 74479.6813034214 75158.5563067688 75844.5399826267 76537.441192104 77237.0737618489 77943.2564264017 78655.8127630141 79374.571119905 80099.3645388487 80830.0306729244 81566.4117001871 82308.3542339593 83055.7092303801 83808.3318937919 84566.0815804924 85328.8217013279 86096.4196235565 86868.7465723666 87645.677532395 88427.0911495515 89212.8696334201 90002.8986604772 90797.0672783359 91595.2678111985 92397.3957666757 93203.3497441064
0 0 0 0 0 0 0 0 0 0 62355.6365130477 62863.4318503679 63382.9371602829 63913.8669000937 64455.9387580494 65008.8740114758 65572.3978461856 66146.2396388258 66730.1332039394 67323.8170076089 67927.0343496058 68539.5335160012 69161.0679042015 69791.3961223595 70430.2820650792 71077.49496729 71732.8094381062 72396.0054764223 73066.8684699207 73745.1891790862 74430.7637077421 75123.3934615327 75822.8850956937 76529.0504533624 77241.7064955961 77960.6752241817 78685.7835982387 79416.8634455389 80153.7513693894 80896.288651856 81644.3211540333 82397.6992140039 83156.2775430693 83919.9151207775 84688.4750892175 85461.8246470056 86239.8349433372 87022.3809724405 87809.3414687247 88600.598802884 89396.0388791815 90195.5510341095 90999.0279365949 91806.3654898923 92617.4627352867
0 0 0 0 0 0 0 0 0 0 61492.7264393711 62007.5887614238 62534.2044249735 63072.2790306716 63621.5218395584 64181.6461322077 64752.3695265158 65333.4142560832 65924.5074112465 66525.3811448984 67135.7728452762 67755.4252779145 68384.0866989504 69021.5109419382 69667.4574802799 70321.6914673213 70983.9837560816 71654.1109005071 72331.8551400466 73017.0043692509 73709.3520940032 74408.6973758865 75114.8447660965 75827.6042302095 76546.7910650199 77272.2258085681 78003.7341443911 78741.1468009412 79484.2994470348 80233.0325841197 80987.1914360717 81746.625837165 82511.1901187952 83280.7429954758 84055.1474505697 84834.2706221698 85617.9836894916 86406.1617601 87198.6837582489 87995.4323145788 88796.2936573827 89601.1575056185 90409.9169638219 91222.4684190452 92038.7114399274
0 0 0 0 0 0 0 0 0 0 60634.0284406976 61156.1204132984 61690.0050499623 62235.3788622106 62791.9424861296 63359.401040729 63937.4644422067 64525.8476763922 65124.2710317397 65732.4602953062 66350.1469141744 66977.0681247772 67612.9670525527 68257.5927843056 68910.7004155858 69572.051075307 70241.4119297416 70918.5561679182 71603.2629703472 72295.3174628842 72994.5106574305 73700.6393810546 74413.5061950099 75132.919305011 75858.6924640269 76590.6448687458 77328.6010507681 78072.3907634919 78821.8488655645 79576.8152016931 80337.1344815269 81102.656157252 81873.2343004719 82648.7274788819 83428.9986331912 84213.9149546887 85003.3477638031 85797.1723899603 86595.268053001 87397.5177463846 88203.8081223715 89014.0293793436 89828.0751513978 90645.8424003202 91467.2313100283
0 0 0 0 0 0 0 0 0 0 59779.7240286983 60309.2120990305 60850.527713935 61403.3580687807 61967.3949846321 62542.335263723 63127.8809980063 63723.7398334166 64329.6251925619 64945.2564586053 65570.3591231017 66204.6649005268 66847.9118121843 67499.8442421025 68160.2129674388 68828.7751658064 69505.2944018199 70189.5405950358 70881.2899713365 71580.3249996758 72286.4343159748 72999.4126358305 73719.0606575719 74445.1849570763 75177.5978756425 75916.1174021059 76660.5670502694 77410.7757326289 78166.5776312734 78927.8120667513 79694.3233656133 80465.9607272631 81242.5780906784 82024.0340014955 82810.1914798958 83600.9178896711 84396.0848087994 85195.5679018138 85999.246794208 86807.0049490801 87618.7295461886 88434.3113635576 89253.6446617457 90076.627070865 90903.1594804175
0 0 0 0 0 0 0 0 0 0 58930.0042842976 59467.058645992 60015.9705667114 60576.4177062567 61148.0828904833 61730.654461458 62323.8265777901 62927.2994681718 63540.7796412311 64163.9800548097 64796.6202477608 65438.4264373086 66089.1315849253 66748.4754335864 67416.2045191407 68092.0721584028 68775.8384164356 69467.2700553446 70166.1404667571 70872.2295900109 71585.3238179289 72305.2158919137 73031.7047879534 73764.5955949959 74503.6993870225 75248.8330900243 75999.8193449751 76756.4863677811 77518.6678070895 78286.2026007419 79058.9348315732 79836.7135831721 80619.3927961503 81406.8311253945 82198.891798716 82995.4424772561 83796.3551179528 84601.5058383276 85410.7747838122 86224.0459977935 87041.2072945231 87862.1501350078 88686.7695059707 89514.963801946 90346.6347105536
0 0 0 0 0 0 0 0 0 57552.4955661248 58085.0704135523 58629.8649495788 59186.5417393547 59754.7686977608 60334.2194876292 60924.5738617836 61525.5179522972 62136.7445104503 62757.9531009058 63388.8502536054 64029.1495768336 64678.5718348129 65336.8449930785 66003.704234748 66678.8919506512 67362.1577061271 68053.2581871262 68751.957128086 69458.0252238767 70171.2400279432 70891.3858386034 71618.253575302 72351.640646462 73091.3508104296 73837.1940308664 74588.9863278107 75346.5496255061 76109.7115979779 76878.3055132324 77652.1700768524 78431.1492756732 79215.0922221356 80003.8529998398 80797.2905107498 81595.2683244379 82397.6545296984 83204.3215888096 84015.1461946748 84830.0091310327 85648.7951358898 86471.3927682915 87297.6942785241 88127.5954818079 88960.9956355239 89797.7973199912
0 0 0 0 0 0 0 0 0 56704.6712880765 57245.1343342587 57797.846534329 58362.4598784559 58938.632340112 59526.0282664769 60124.318709154 60733.181699121 61352.3024698908 61981.3736328543 62620.0953087267 63268.1752189245 63925.3287405787 64591.2789287344 65265.7565091227 65948.4998447016 66639.254878976 67337.7750589047 68043.8212400081 68757.161576091 69477.5713958052 70204.8330680854 70938.7358583183 71679.0757769293 72425.6554219104 73178.2838166612 73936.776244372 74700.9540800441 75470.6446211199 76245.6809175831 77025.9016022819 77811.1507221358 78601.2775707969 79396.1365232589 80195.5868728354 80999.4926708619 81807.7225694221 82620.1496673424 83436.6513596547 84257.1091906855 85081.4087108906 85909.4393375264 86741.0942192145 87576.2701044362 88414.8672139686 89256.7891172555
0 0 0 0 0 0 0 0 0 55861.8809734224 56410.4192941989 56971.2301429928 57543.9547047678 58128.240831139 58723.7434193479 59330.1247279991 59947.0546340556 60574.2108356103 61211.2790048982 61857.9528959212 62513.9344109178 63178.9336297397 63852.6688060066 64534.8663336966 65225.2606876095 65923.5943409121 66629.6176627455 67343.0887986449 68063.7735362997 68791.4451589673 69525.8842886427 70266.8787208899 71014.2232530552 71767.7195074031 72527.1757505544 73292.4067104522 74063.2333919392 74839.4828919025 75620.9882148196 76407.5880894327 77199.126787179 77995.4539429155 78796.4243783941 79601.8979288716 80411.7392731746 81225.8177674779 82044.0072830067 82866.186047824 83692.2364928259 84522.0451020301 85355.5022672126 86192.5021469191 87032.9425298557 87876.7247026407 88723.7533218823
0 0 0 0 0 0 0 0 54480.2173897121 55024.3559334301 55581.1605217751 56150.2543538838 56731.2675961358 57323.8378174638 57927.6103527619 58542.2385994927 59167.3842526307 59802.7174830456 60447.9170643248 61102.6704528862 61766.6738260409 62439.6320824447 63121.2588091332 63811.2762190829 64509.4150629705 65215.414518541 65929.0220607257 66649.9933153948 67378.0918993755 68113.0892491246 68854.7644402167 69602.9039995908 70357.301712294 71117.7584242733 71884.0818425875 72656.0863342524 73433.5927247799 74216.4280973382 75004.4255933334 75797.4242151039 76595.2686313125 77397.8089855356 78204.9007084593 79016.4043340273 79832.1853198133 80652.1138718356 81476.0647739816 82303.9172221625 83135.5546632793 83970.8646390497 84809.7386347118 85652.0719325963 86497.7634705382 87346.7157050779 88198.8344793865
0 0 0 0 0 0 0 0 53639.7621809632 54192.3402879854 54757.6059095659 55335.1702265914 55924.6521943979 56525.678962069 57137.8862155524 57760.9184504534 58394.4291803461 59038.0810863376 59691.5461134614 60354.5055192569 61026.649879643 61707.6790569136 62397.3021343838 63095.2373219096 63801.2118361917 64514.9617594642 65236.231879866 65964.7755164995 66700.3543318976 67442.7381343552 68191.704672326 68947.0394228516 69708.5353757685 70475.9928152367 71249.2190999439 72028.0284431716 72812.2416937485 73601.6861187797 74396.1951889066 75195.6083667418 75999.7708990161 76808.5336128835 77621.752716748 78439.2896059015 79261.0106731993 80086.7871249405 80916.4948020739 81750.0140068035 82587.229334632 83428.029511847 84272.3072384288 85119.9590363309 85970.8851030695 86824.989170536 87682.1783689377
0 0 0 0 0 0 0 52256.75485305 52804.8680220895 53366.0917239478 53940.0167310628 54526.2419758216 55124.3750355899 55734.0325306082 56354.8404414511 56986.4343527469 57628.4596297563 58280.571534234 58942.4352857556 59613.7260744035 60294.1290303835 60983.3391557977 61681.0612234385 62387.009647106 63100.9083275876 63822.4904780841 64551.4984325202 65287.6834398508 66030.80544716 66780.6328740542 67536.9423805796 68299.5186306335 69068.1540526079 69842.6485987845 70622.8095048039 71408.4510503507 72199.3943220361 72995.4669793089 73796.5030240993 74602.3425747772 75412.831644906 76227.8219271773 77047.1705828317 77870.7400367975 78698.397778716 79530.016169969 80365.4722567724 81204.6475893626 82047.4280472648 82893.7036706022 83743.3684973809 84596.3204066622 85452.4609675179 86311.6952936489 87173.9319035353
0 0 0 0 0 0 50875.4633267673 51418.8528437943 51975.8028974088 52545.8822924195 53128.6683904964 53723.747672755 54330.7162023875 54949.1799949998 55578.7553043554 56219.0688311353 56869.7578621401 57530.4703470863 58200.8649198231 58880.6108704216 59569.3880741823 60266.8868831886 60972.8079856059 61686.8622374983 62408.7704715179 63138.2632864187 63875.0808209559 64618.9725153702 65369.6968633073 66127.0211567043 66890.7212258751 67660.581176755 68436.3931270108 69217.9569424965 70005.0799753262 70797.5768046501 71595.2689810497 72397.9847753193 73205.5589322689 74017.8324300598 74834.6522454867 75655.8711255211 76481.3473653542 77310.9445931072 78144.5315613128 78981.981945223 79823.1741479506 80667.9911124144 81516.3201400253 82368.0527160234 83223.0843413541 84081.3143709508 84942.64585828 85806.9854059895 86674.2430224932
0 0 0 0 0 0 50034.4158426303 50586.8404604574 51152.8502317348 51731.9992450399 52323.8512052327 52927.9799728447 53543.969997231 54171.4166523536 54809.9264839993 55459.1173770367 56118.6186510186 56788.071092061 57467.1269284927 58155.4497573014 58852.7144279049 59558.6068892738 60272.824005928 60995.0733478376 61725.0729587792 62462.5511072445 63207.2460235664 63958.9056265206 64717.2872422871 65482.1573183047 66253.2911342352 67030.4725119572 67813.4935262502 68602.1542175848 69396.2623082239 70195.6329226422 71000.088313106 71809.4575910957 72623.5764651252 73442.2869853902 74265.4372955747 75092.8813920564 75924.4788906712 76760.0948011302 77599.5993091267 78442.867566118 79289.7794867286 80140.2195536834 80994.076630153 81851.2437793685 82711.6180913427 83575.1005165214 84441.5957061754 85311.0118593356 86183.2605760667
0 0 0 0 0 48651.6917450435 49199.3167504717 49761.0131304797 50336.3098253169 50924.7459089273 51525.8712196827 52139.2468684181 52764.4456340097 53401.0522567008 54048.6636391818 54706.8889651014 55375.349744254 56053.6797931855 56741.5251594059 57438.5439968146 58144.4063993479 58858.7941992618 59581.4007358804 60311.9306000736 61050.0993591871 61795.6332666405 62548.2689599293 63307.7531503225 64073.8423071435 64846.3023391404 65624.9082751186 66409.4439456938 67199.7016677513 67995.4819329438 68796.5931013434 69602.8511011606 70414.0791352756 71230.1073951694 72050.7727827113 72875.9186401407 73705.3944884832 74539.0557745499 75376.7636265976 76218.3846186633 77063.7905435297 77912.8581942386 78765.4691540275 79621.5095945347 80480.8700820953 81343.4453919283 82209.1343300009 83077.8395623445 83949.4674515877 84823.9279004674 85701.1342020758
0 0 0 0 47270.8308642466 47813.3570213882 48370.4741419107 48941.6839490814 49526.4988347681 50124.4425992829 50735.0510490266 51357.8724637796 51992.4679455051 52638.411660335 53295.2909850524 53962.7065688882 54640.2723208665 55327.615332282 56024.3757432021 56730.2065611788 57444.7734396484 58167.754422799 58898.8396630152 59637.731116367 60384.1422210054 61137.7975627609 61898.4325317181 62665.7929730581 63439.6348350201 64219.7238164352 65005.8350159255 65797.7525845393 66595.2693833036 67398.1866469217 68206.3136546157 69019.4674089154 69837.4723230219 70660.1599172219 71487.3685246974 72318.9430069634 73154.7344790679 73994.6000446077 74838.4025405405 75686.010291721 76537.2968750335 77392.1408929585 78250.4257563756 79112.0394763817 79976.8744648795 80844.8273436811 81715.7987618559 82589.693221047 83466.4189084758 84345.8875373524 85228.014194408
