AgentSeal-Grey/Input/ho_distance_noBay_id_GS_large82.asc
NCOLS 284 
NROWS 185 
XLLCORNER 428292.82952926 
YLLCORNER 6186935 
CELLSIZE 1000 
NODATA_value -9999 
[rows 50 to 74 of 185, columns 165 to 219 of 284]
155733.516397816 156449.71648644 157169.01554615 157891.371223397 158616.741757808 159345.085976699 160076.363289463 160810.533681841 161547.557710097 162287.396495093 163030.011716291 163775.365605675 164523.420941613 165274.141042662 166027.489761329 166783.43147779 167541.931093578 168302.954025245 169066.466198008 169832.434039381 170600.824472801 171371.604911251 172144.743250894 172920.207864711 173697.967596151 174477.991752805 175260.250100102 176044.712855027 176831.350679871 177620.134676016 178411.036377755 179204.02774615 179999.081162937 180796.169424466 181595.265735698 182396.343704245 183199.377334465 184004.341021602 184811.209545992 185619.958067314 186430.562118902 187242.997602122 188057.240780797 188873.268275702 189691.057059113 190510.584449427 191331.828105835 192154.766023066 192979.376526192 193805.638265496 194633.530211408 195463.0316495 196294.122175556 197126.781690694 197960.990396565
155035.667282174 155755.076285454 156477.568513017 157203.101454152 157931.633202038 158663.122447913 159397.528475131 160134.811153099 160874.930931134 161617.848832224 162363.526446718 163111.92592595 163863.009975806 164616.741850243 165373.085344769 166132.004789886 166893.465044517 167657.431489403 168423.8700205 169192.747042362 169964.029461529 170737.684679914 171513.680588215 172291.985559326 173072.568441777 173855.3985532 174640.44567382 175427.680039978 176217.072337692 177008.593696255 177802.215681877 178597.910291367 179395.649945871 180195.407484653 180997.156158926 181800.869625745 182606.521941949 183414.087558165 184223.541312865 185034.85842649 185848.014495635 186662.98548729 187479.747733153 188298.277924004 189118.553104141 189940.550665892 190764.248344182 191589.624211175 192416.65667098 193245.324454426 194075.606613904 194907.48251828 195740.931847869 196575.934589488 197412.471031566
154341.142051071 155063.773295659 155789.471556155 156518.19417181 157249.899096511 157984.544892599 158722.090724574 159462.496352712 160205.722126574 160951.72897846 161700.478416776 162451.932519354 163206.053926719 163962.805835317 164722.151990703 165484.056680717 166248.484728629 167015.401486281 167784.772827221 168556.565139839 169330.74532051 170107.28076675 170886.13937039 171667.289510771 172450.700047966 173236.340316032 174024.1801163 174814.189710701 175606.339815132 176400.601592869 177196.946648029 177995.347019081 178795.775172406 179598.20399592 180402.606792747 181208.957274957 182017.229557357 182827.398151355 183639.437958878 184453.324266361 185269.032738798 186086.539413866 186905.820696111 187726.853351206 188549.614500279 189374.081614307 190200.232508588 191028.045337273 191857.498587983 192688.571076482 193521.241941434 194355.490639224 195191.296938854 196028.640916909 196867.502952593
153649.985778161 154375.852349671 155104.769261767 155836.693711091 156571.583519689 157309.397128466 158050.093590545 158793.632564529 159539.974307686 160289.079669064 161040.910082544 161795.427559844 162552.594683478 163312.374599691 164074.731011354 164839.628170858 165607.030872983 166376.904447774 167149.214753412 167923.928169099 168701.011587955 169480.432409933 170262.158534762 171046.158354916 171832.400748617 172620.855072879 173411.491156585 174204.279293618 174999.190236034 175796.195187285 176595.265795504 177396.374146833 178199.492758822 179004.594573883 179811.652952801 180620.641668324 181431.534898803 182244.307221911 183058.933608422 183875.38941607 184693.650383465 185513.692624098 186335.492620399 187159.027217886 187984.273619374 188811.209379269 189639.812397927 190470.060916091 191301.933509408 192135.409083012 192970.466866189 193807.086407111 194645.247567651 195484.930518264 196326.115732953
152962.244131122 153691.358861477 154423.5067849 155158.644963162 155896.731094218 156637.723505296 157381.581145889 158128.263580672 158877.730982341 159629.944124389 160384.864373837 161142.453683915 161902.674586713 162665.49018581 163430.864148876 164198.760700277 164969.144613668 165741.981204593 166517.236323097 167294.876346351 168074.868171298 168857.179207334 169641.777369009 170428.63106877 171217.709209747 172008.981178577 172802.416838279 173597.986521183 174395.661021906 175195.41159039 175997.209925 176801.028165684 177606.838887194 178414.615092374 179224.330205524 180035.958065818 180849.472920812 181664.849420008 182482.062608501 183301.087920697 184121.901174113 184944.478563239 185768.796653493 186594.832375244 187422.563017914 188251.96622416 189083.019984135 189915.702629823 190749.992829457 191585.869582014 192423.312211787 193262.300363039 194102.813994728 194944.833375318 195788.339077661
152277.963374971 153010.338829399 153745.729852071 154484.093377941 155225.38698893 155969.568906635 156716.597984962 157466.433702674 158219.036155885 158974.366050491 159732.38469457 160493.053990734 161256.336428468 162022.195076445 162790.593574838 163561.496127624 164334.867494897 165110.672985194 165888.87844784 166669.450265311 167452.355345631 168237.561114805 169025.035509289 169814.746968498 170606.664427371 171400.75730898 172196.9955172 172995.349429425 173795.789889363 174598.288199873 175402.816115889 176209.345837396 177017.850002483 177828.30168047 178640.674365103 179454.94196783 180271.078811149 181089.059622038 181908.859525458 182730.454037939 183553.819061249 184378.93087614 185205.766136173 186034.301861633 186864.515433519 187696.384587616 188529.887408657 189365.002324557 190201.708100737 191039.983834527 191879.808949652 192721.163190796 193564.026618254 194408.379602656 195254.202819783
151597.190375115 152332.838838799 153071.484763642 153813.084966151 154557.596920575 155304.978751235 156055.189224774 156808.187742345 157563.934331741 158322.389639481 159083.514922867 159847.272042011 160613.623451845 161382.532194131 162153.961889459 162927.876729266 163704.241467853 164483.021414442 165264.182425238 166047.69089554 166833.513751882 167621.618444215 168411.972938139 169204.545707185 169999.305725151 170796.222458496 171595.265858795 172396.406355263 173199.614847342 174004.862697357 174812.12172325 175621.364191385 176432.562809425 177245.690719295 178060.721490223 178877.629111852 179696.387987449 180516.972927185 181339.359141508 182163.522234588 182989.438197864 183817.08340366 184646.434598903 185477.468898908 186310.16378127 187144.49707983 187980.446978724 188817.992006534 189657.111030507 190497.783250873 191339.988195241 192183.705713084 193028.915970307 193875.599443897 194723.736916661
150919.972600146 151658.906064522 152400.818395919 153145.666301089 153893.407155287 154643.998994211 155397.400505864 156153.571022371 156912.470511738 157674.059569593 158438.299410888 159205.151861592 159974.57935038 160746.544900317 161521.012120554 162297.945198042 163077.308889267 163859.068512011 164643.189937156 165429.63958052 166218.384394745 167009.39186123 167802.62998212 168598.067272359 169395.672751796 170195.415937363 170997.266835322 171801.195933582 172607.174194086 173415.173045285 174225.164374681 175037.120521457 175851.014269186 176666.818838627 177484.5078806 178304.055468958 179125.436093637 179948.6246538 180773.596451066 181600.327182831 182428.792935681 183258.970178893 184090.835758021 184924.366888589 185759.541149853 186596.336478674 187434.731163466 188274.703838246 189116.233476764 189959.299386728 190803.881204117 191649.958887586 192497.512712949 193346.52326776 194196.971445976
150246.358124345 150988.588273046 151733.778202963 152481.884520111 153232.864509749 153986.676127909 154743.277992875 155502.629376608 156264.690196145 157029.421004968 157796.782984363 158566.737934766 159339.248267121 160114.276994245 160891.787722209 161671.744641749 162454.112519706 163238.856690507 164025.943047685 164815.338035454 165607.008640333 166400.922382834 167197.047309205 167995.351983247 168795.805478197 169598.377368688 170403.037722778 171209.757094066 172018.506513885 172829.257483581 173641.981966875 174456.652382313 175273.241595805 176091.722913259 176912.070073296 177734.257240064 178558.258996149 179384.05033557 180211.606656876 181040.903756337 181871.917821223 182704.62542319 183539.003511752 184375.029407849 185212.680797519 186051.935725653 186892.772589849 187735.170134366 188579.107444165 189424.563939043 190271.519367863 191119.953802876 191969.847634132 192821.181563983 193673.936601673
149576.395629889 150321.933824334 151070.412218098 151821.787325813 152576.016352057 153333.057182466 154092.868374821 154855.40915008 155620.639383396 156388.519595128 157159.01094183 157932.075207263 158707.674793411 159485.772711517 160266.332573152 161049.318581318 161834.695521589 162622.428753305 163412.484200817 164204.828344787 164999.428213553 165796.251374565 166595.265925885 167396.440487768 168199.744194316 169005.146685218 169812.618097568 170622.129057778 171433.65067357 172247.154526065 173062.612661963 173879.997585815 174699.282252394 175520.440059157 176343.444838811 177168.27085197 177994.892779921 178823.285717476 179653.425165936 180485.287026149 181318.847591666 182154.083542006 182990.971936013 183829.490205313 184669.616147876 185511.327921673 186354.604038432 187199.423357497 188045.765079775 188893.60874179 189742.934209828 190593.721674177 191445.951643465 192299.604939091 193154.662689745
148910.13440874 149658.991673362 150410.769055098 151165.422986887 151922.910602262 152683.189726052 153446.218865048 154211.957198651 154980.364569506 155751.40147413 156525.029053548 157301.20908395 158079.903967364 158861.076722367 159644.690974828 160430.710948704 161219.101456885 162009.827892087 162802.856217827 163598.152959442 164395.6851952 165195.420547477 165997.327174013 166801.373759256 167607.529505787 168415.764125844 169226.047832922 170038.351333483 170852.645818751 171668.90295661 172487.094883601 173307.194197018 174129.173947106 174953.007629363 175778.669176947 176606.132953182 177435.373744177 178266.366751539 179099.087585204 179933.512256364 180769.617170502 181607.379120531 182446.775280044 183287.783196659 184130.380785474 184974.546322629 185820.258438957 186667.496113757 187516.238668649 188366.465761548 189218.15738072 190071.293838953 190925.855767814 191781.824112011 192639.18012385
148247.6243642 148999.811371315 149754.897909037 150512.840338639 151273.595732577 152037.121864765 152803.377200833 153572.320888364 154343.912747141 155118.113259399 155894.88356009 156674.185427187 157455.981272009 158240.234129597 159026.90764914 159815.966084452 160607.374284512 161401.097684073 162197.102294345 162995.354693748 163795.822018754 164598.471954808 165403.272727345 166210.193092887 167019.202330251 167830.270231839 168643.367095034 169458.463713705 170275.531369799 171094.541825057 171915.467312818 172738.280529948 173562.954628865 174389.463209679 175217.78031244 176047.880409499 176879.738397974 177713.329592336 178548.629717096 179385.61489961 180224.26166299 181064.546919126 181906.447961821 182749.942460033 183595.008451221 184441.624334808 185289.768865744 186139.42114818 186990.560629241 187843.167092914 188697.220654028 189552.701752345 190409.591146749 191267.869909534 192127.519420798
147588.916012108 148344.443066424 149102.84855678 149864.088783152 150628.120767216 151394.902242188 152164.391642658 152936.548094426 153711.331404347 154488.7020502 155268.621170583 156051.050554851 156835.952633097 157623.290466193 158413.027735879 159205.128734933 159999.558357407 160796.282088933 161595.265997127 162396.476722067 163199.881466867 164005.447988345 164813.144587792 165622.940101832 166434.803893397 167248.705842801 168064.616338926 168882.50627051 169702.347017557 170524.110442852 171347.768883591 172173.295143129 173000.66248284 173829.844614094 174660.815690351 175493.550299369 176328.023455535 177164.210592304 178002.087554761 178841.630592296 179682.816351397 180525.621868554 181370.024563285 182216.002231268 183063.533037587 183912.595510102 184763.168532911 185615.23133994 186468.763508631 187323.744953747 188180.155921274 189037.97698244 189897.189027832 190757.773261617 191619.711195871
146934.060481663 147692.93750443 148454.671357105 149219.218289081 149986.535281881 150756.580038556 151529.310973092 152304.687199832 153082.668522916 153863.215425766 154646.289060598 155431.851238003 156219.864416569 157010.291692582 157803.096789791 158598.244049254 159395.698419265 160195.425445372 160997.391260487 161801.56257509 162607.90666754 163416.391374482 164226.98508137 165039.656713091 165854.37572471 166671.112092324 167489.836304029 168310.519351017 169133.132718777 169957.64837843 170784.038778173 171612.276834855 172442.33592567 173274.189879971 174107.812971212 174943.179909013 175780.265831337 176619.046296808 177459.497277133 178301.595149654 179145.316690026 179990.639065003 180837.539825355 181685.996898895 182535.988583632 183387.493541033 184240.490789405 185094.959697393 185950.879977584 186808.231680235 187666.9951871 188527.151205373 189388.680761739 190251.565196533 191115.786157996
146283.109515859 147045.346028657 147810.417250429 148578.279391049 149348.889402844 150122.204969557 150898.184495308 151676.787093604 152457.97257637 153241.701443033 154027.934869666 154816.63469819 155607.763425644 156401.284193544 157197.160777312 157995.357575806 158795.839600933 159598.572467374 160403.522382404 161210.656135818 162019.941089976 162831.345169958 163644.836853829 164460.385163038 165277.959652924 166097.53040335 166919.068009471 167742.54357261 168567.928691277 169395.195452309 170224.316422139 171055.264638195 171888.01360043 172722.537262976 173558.810025935 174396.806727294 175236.502634969 176077.873438982 176920.895243758 177765.544560557 178611.798300028 179459.633764889 180309.028642735 181159.960998962 182012.409269818 182866.352255581 183721.769113845 184578.639352931 185436.94282542 186296.65972179 187157.770564182 188020.256200265 188884.097797226 189749.276835856 190615.775104762
145636.115471503 146401.720579669 147170.137758127 147941.323188636 148715.233805629 149491.82728471 150271.062031184 151052.897168636 151837.292527551 152624.208634003 153413.606698409 154205.448604362 154999.696897546 155796.314774739 156595.266072919 157396.51525846 158200.027416449 159005.768240098 159813.704020282 160623.80163519 161436.028540098 162250.352757268 163066.74286597 163885.167992637 164705.597801148 165528.002483241 166352.352749068 167178.619817873 168006.775408813 168836.791731915 169668.641479162 170502.297815728 171337.734371333 172174.925231754 173013.844930452 173854.468440351 174696.771165742 175540.728934325 176386.317989386 177233.514982103 178082.296963987 178932.641379454 179784.52605852 180637.929209636 181492.829412635 182349.205611821 183207.03710917 184066.303557657 184926.984954706 185789.061635761 186652.514267971 187517.323843994 188383.47167592 189250.939389295 190119.708917274
144993.131318794 145762.113694497 146533.884981413 147308.401344949 148085.619713269 148865.497765337 149647.993918997 150433.067319119 151220.677825809 152010.78600269 152803.353105271 153598.341069403 154395.712499833 155195.430658862 155997.459455109 156801.763432389 157608.307758713 158417.058215407 159227.981186355 160041.043647374 160856.213155723 161673.457839739 162492.74638862 163314.048042337 164137.332581693 164962.570318518 165789.732086008 166618.789229213 167449.713595657 168282.477526111 169117.053845508 169953.415854001 170791.537318163 171631.392462335 172472.955960112 173316.202925973 174161.108907057 175007.649875067 175855.802218331 176705.542733982 177556.848620293 178409.697469135 179264.067258575 180119.936345606 180977.283459013 181836.087692356 182696.328497102 183557.98567586 184421.039375766 185285.47008197 186151.258611257 187018.386105788 187886.834026954 188756.58414935 189627.618554864
144354.210640455 145126.578505412 145901.711599782 146679.566084729 147460.098894118 148243.267722084 149029.031010673 149817.347937542 150608.178403754 151401.483021652 152197.223102835 152995.360646239 153795.858326325 154598.67948139 155403.78810199 156211.148819496 157020.726894781 157832.488207035 158646.399242726 159462.427084692 160280.539401386 161100.704436256 161922.890997278 162747.068446639 163573.206690562 164401.276169292 165231.247847223 166063.093203183 166896.78422087 167732.293379438 168569.593644241 169408.658457716 170249.461730431 171091.977832276 171936.181583803 172782.048247719 173629.553520522 174478.673524285 175329.384798592 176181.664292602 177035.489357275 177890.837737721 178747.687565705 179606.017352274 180465.805980534 181327.032698554 182189.677112401 183053.719179315 183919.139201003 184785.917817069 185654.035998561 186523.475041651 187394.21656143 188266.242485822 189139.535049627
143719.407630386 144495.168738223 145273.670868971 146054.870192009 146838.7236592 147625.188991993 148414.224668595 149205.789911245 149999.844673577 150796.349628085 151595.26615371 152396.556323536 153200.182892617 154006.10928593 154814.299586467 155624.718523462 156437.331460765 157252.104385359 158069.003896027 158887.997192176 159709.052062804 160532.136875636 161357.220566408 162184.272628313 163013.263101606 163844.16256337 164676.942117439 165511.573384489 166348.028492277 167186.280066057 168026.301219138 168868.065543616 169711.547101255 170556.72041453 171403.560457823 172252.04264878 173102.142839815 173953.837309771 174807.102755731 175661.91628498 176518.25540711 177376.098026279 178235.422433608 179096.207299723 179958.431667438 180822.074944577 181687.116896936 182553.537641371 183421.31763903 184290.43768871 185160.878920346 186032.622788621 186905.651066713 187779.945840152 188655.489500807
143088.777091807 143867.93871008 144649.816618432 145434.367007267 146221.546859083 147011.31393509 147803.62676193 148598.444618504 149395.727522902 150195.436219466 150997.532165973 151801.977520955 152608.735131155 153417.768519131 154229.041871005 155042.520024369 155858.168456341 156675.953271789 157495.841191704 158317.799541747 159141.79624096 159967.799790639 160795.779263376 161625.704292278 162457.545060343 163291.272290015 164126.857232905 164964.271659681 165803.487850128 166644.478583378 167487.217128307 168331.677234094 169177.833120955 170025.659471034 170875.131419463 171726.224545575 172578.914864289 173433.178817648 174288.993266508 175146.335482394 176005.183139502 176865.514306855 177727.307440603 178590.541376483 179455.195322409 180321.248851216 181188.681893547 182057.474730865 182927.607988619 183799.062629537 184671.819947048 185545.861558843 186421.169400559 187297.725719589 188175.51306902
142462.374434898 143244.943326763 144030.203248298 144818.110424092 145608.621880241 146401.695430489 147197.28966248 147995.36392414 148795.878310177 149598.793648731 150404.071488155 151211.674083956 152021.564385883 152833.706025175 153648.063301977 154464.601172912 155283.285238835 156104.081732746 156926.957507887 157751.880026011 158578.817345821 159407.738111604 160238.611542026 161071.407419116 161906.096077428 162742.648393382 163581.035774782 164421.230150516 165263.203960432 166106.930145392 166952.382137496 167799.533850494 168648.359670355 169498.834446022 170350.933480326 171204.632521077 172059.907752317 172916.735785736 173775.093652263 174634.958793797 175496.309055119 176359.122675943 177223.378283134 178089.054883071 178956.131854161 179824.588939506 180694.406239709 181565.564205825 182438.043632456 183311.825650983 184186.891722932 185063.223633475 185940.803485066 186819.613691203 187699.636970318
141840.25567387 142626.23807942 143414.885725806 144206.154885305 145000.002640907 145796.386871971 146595.266240012 147396.600174626 148200.348859566 149006.47321897 149814.934903748 150625.696278134 151438.720406411 152253.971039805 153071.412603556 153891.010184178 154712.729516886 155536.536973226 156362.399548876 157190.284851643 158020.161089651 158851.997059709 159685.762135879 160521.426258225 161358.959921764 162198.334165589 163039.520562195 163882.491206989 164727.218707983 165573.676175671 166421.837213103 167271.675906123 168123.166813802 168976.284959044 169831.005819369 170687.305317874 171545.159814364 172404.546096657 173265.441372054 174127.823258982 174991.669778792 175856.959347727 176723.670769048 177591.783225309 178461.276270803 179332.12982414 180204.324160995 181077.839906984 181952.658030703 182828.759836893 183706.126959759 184584.741356412 185464.585300461 186345.641375726 187227.892470083
141222.477423493 142011.87904076 142803.919581172 143598.555378543 144395.743586378 145195.442163043 145997.60985708 146802.206192682 147609.191455333 148418.526677621 149230.173625223 150044.094783076 150860.253341731 151678.613183895 152499.138871169 153321.795630976 154146.549343685 154973.366529942 155802.214338187 156633.060532382 157465.873479936 158300.622139832 159137.27605095 159975.805320601 160816.18061325 161658.373139445 162502.354644942 163348.097400028 164195.574189037 165044.758300062 165895.623514861 166748.144098947 167602.294791872 168458.050797699 169315.38777565 170174.281830943 171034.709505807 171896.647770671 172760.074015534 173624.966041498 174491.30205248 175359.060647086 176228.220810649 177098.761907432 177970.663672988 178843.906206676 179718.469964333 180594.335751095 181471.48471437 182349.898336951 183229.558430279 184110.447127841 184992.546878711 185875.840441222 186760.310876773
140609.096895005 141401.922860644 142197.360902887 142995.367431272 143795.899683764 144598.915711431 145404.374363291 146212.235271329 147022.458835707 147835.006210152 148649.839287549 149466.920685725 150286.213733433 151107.682456551 151931.291564471 152757.006436716 153584.793109752 154414.618264022 155246.449211189 156080.253881588 156916.000811897 157753.659133023 158593.198558187 159434.589371237 160277.802415161 161122.809080812 161969.581295842 162818.091513839 163668.312703674 164520.218339042 165373.782388215 166228.97930398 167085.784013786 167944.171910073 168804.118840799 169665.601100156 170528.595419465 171393.078958265 172259.029295572 173126.424421321 173995.242727983 174865.463002356 175737.064417518 176610.026524955 177484.329246849 178359.952868525 179236.878031059 180115.085724043 180994.557278494 181875.274359921 182757.218961536 183640.37339761 184524.720296962 185410.242596601 186296.923535492
140000.171891426 140796.426761077 141595.266332409 142396.647105206 143200.526416152 144006.862423016 144815.61408902 145626.741167406 146440.204186204 147255.964433213 148073.983941184 148894.225473229 149716.652508434 150541.229227709 151367.920499848 152196.691867815 153027.509535264 153860.340353269 154695.151807296 155531.912004388 156370.589660586 157211.154088563 158053.575185493 158897.823421137 159743.869826148 160591.685980601 161441.244002735 162292.516537914 163145.476747802 164000.098299745 164856.355356366 165714.222565364 166573.675049515 167434.688396879 168297.238651199 169161.302302498 170026.856277871 170893.877932459 171762.345040619 172632.235787269 173503.528759417 174376.202937867 175250.237689102 176125.612757331 177002.308256711 177880.304663733 178759.582809764 179640.123873759 180521.909375117 181404.921166699 182289.141427993 183174.552658423 184061.137670808 184948.879584956 185837.761821404
