AgentSeal-Grey/Input/ho_distance_noBay_id_GS_large42.asc
NCOLS 284 
NROWS 185 
XLLCORNER 428292.82952926 
YLLCORNER 6186935 
CELLSIZE 1000 
NODATA_value -9999 
[rows 25 to 49 of 185, columns 110 to 164 of 284]
0 0 0 0 0 0 0 0 0 0 0 0 0 0 0 0 0 0 0 0 98053.7199474478 98479.0213933458 98912.6044225384 99354.3606124467 99804.1814342797 100261.958343258 100727.582865289 101200.946680069 101681.941700583 102170.460149004 102666.394629001 103169.638194462 103680.084414678 104197.627436009 104722.162040095 105253.583698658 105791.788624963 106336.673822004 106888.137127494 107446.077255731 108010.39383644 108580.987450665 109157.7596638 109740.613055871 110329.451249143 110924.178933159 111524.701887313 112130.92700104 112742.762291737 113360.116920501 113982.901205787 114611.026635078 115244.405874668 115882.952777635 116526.582390123
0 0 0 0 0 0 0 0 0 0 0 0 0 0 0 0 0 0 0 96726.8129138659 97147.6299017765 97576.88073817 98014.454615886 98460.2405679983 98914.1275640978 99376.0046028473 99845.7608007654 100323.285477212 100808.468235564 101301.19904058 101801.368291972 102308.866894205 102823.586322569 103345.418685558 103874.256783631 104409.994164401 104952.525174332 105501.745007025 106057.549748172 106619.836417265 107188.503006166 107763.448514612 108344.572982776 108931.777520972 109524.964336616 110124.036758537 110728.899258748 111339.45747179 111955.618211732 112577.289486955 113204.380512806 113836.801722232 114474.464774487 115117.282562019 115765.169215625
0 0 0 0 0 0 0 0 0 0 0 0 0 0 0 0 0 0 0 95818.6116392531 96243.3997504896 96676.665512372 97118.2954630567 97568.1760242964 98026.1936003159 98492.2346727148 98966.1858913622 99447.9341612593 99937.366725368 100434.371243411 100938.835866666 101450.649308796 101969.700912746 102495.880713779 103029.079498711 103569.18886141 104116.101254652 104669.710038422 105229.909524744 105796.595019142 106369.662858838 106949.01044779 107534.536288673 108126.140011925 108723.722401953 109327.185420624 109936.432228147 110551.367201462 111171.89595024 111797.925330614 112429.363456742 113066.119710312 113708.104748101 114355.230507676 115007.410211352
0 0 0 0 0 0 0 0 0 0 0 0 0 0 0 0 0 0 0 94912.2559866428 95341.0824122137 95778.430006923 96224.1825823923 96678.2238806035 97140.4376753915 97610.7078697062 98088.9185886135 98574.9542680197 99068.6997391239 99570.040308615 100078.861834644 100595.050798617 101118.494372863 101649.080484249 102186.697873803 102731.236152449 103282.585852935 103840.638478042 104405.286545203 104976.423627615 105553.944391969 106137.744632913 106727.721304355 107323.772547738 107925.797717399 108533.697403136 109147.373450093 109766.7289761 110391.668386573 111022.097387095 111657.922993794 112299.053541633 112945.398690718 113596.869430736 114253.378083636
0 0 0 0 0 0 0 0 0 0 0 0 0 0 0 0 0 0 93583.5491815495 94007.7993385337 94440.7327138695 94882.2304469654 95332.1735493824 95790.4430134243 96256.9199162669 96731.4855195821 97214.0213646347 97704.4093628439 98202.5318818242 98708.2718269305 99221.5127183502 99742.1387637956 100270.034926865 100805.08699115 101347.18162017 101896.206413244 102452.049957377 103014.601875304 103583.752869771 104159.3947642 104741.420539837 105329.724369531 105924.201648254 106524.749020491 107131.264404641 107743.647014548 108361.797378292 108985.617354367 109615.010145377 110249.880309366 110890.133768916 111535.677818116 112186.421127537 112842.273747314 113503.147108449
0 0 0 0 0 0 0 0 0 0 0 0 0 0 0 0 0 0 92676.9155583821 93105.2970376767 93542.4074713311 93988.1250722188 94442.3279766523 94904.8943559187 95375.7025230567 95854.6310348391 96341.5587889445 96836.3651163248 97338.9298687873 97849.1335018313 98366.8571527917 98891.9827143548 99424.3929035263 99963.9713261398 100510.602537005 101064.172095804 101624.566618849 102191.673826821 102765.382588622 103345.582961462 103932.166227318 104525.024925907 105124.052884295 105729.145243298 106340.198480805 106957.110432152 107579.780307705 108208.10870777 108841.997634971 109481.350504228 110126.072150459 110776.068834142 111431.248244849 112091.519502876 112756.793159092
0 0 0 0 0 0 0 0 0 0 0 0 0 0 0 0 0 0 91772.2217090525 92204.8064716477 92646.1655738246 93096.1742210229 93554.7075974778 94021.6409807236 94496.8498510221 94980.2099956887 95471.5976083131 95970.8893828862 96477.9626028695 96992.695225255 97514.9659596809 98044.6543426833 98581.6408071745 99125.8067472507 99677.0345784415 100235.207793521 100800.21101401 101371.930037498 101950.251880934 102535.064820014 103126.258424821 103723.723591864 104327.352572659 104937.038999004 105552.677905096 106174.165746643 106801.400417102 107434.281261209 108072.709085926 108716.586168945 109365.816264901 110020.304609407 110679.957921049 111344.684401473 112014.393733673
0 0 0 0 0 0 0 0 0 0 0 0 0 0 0 0 0 90441.6110999631 90869.5255705426 91306.3871614358 91752.0680722376 92206.4404181782 92669.3763529763 93140.7481863233 93620.4284959571 94108.29023431 94604.206829737 95108.0522823497 95619.7012545045 96139.0291560052 96665.9122241017 97200.2275983768 97741.8533906267 98290.6687498528 98846.5539224904 99409.3903080103 99979.0605100331 100555.448383105 101138.439075289 101727.919066716 102323.776204277 102925.899732582 103534.18032138 104148.510089576 104768.782626014 105394.893007183 106026.737811997 106664.215133814 107307.224589825 107955.667327981 108609.446031587 109268.464921709 109932.629757525 110601.847834761 111276.027982321
0 0 0 0 0 0 0 0 0 0 0 0 0 0 0 0 0 89536.6685685645 89968.8872745211 90410.1008542409 90860.1782715208 91318.9884667535 91786.4004831302 92262.2835871088 92746.5073831172 93238.9419224882 93739.4578066443 94247.9262845723 94764.2193446487 95288.2098008941 95819.7713737501 96358.778765488 96905.1077303708 97458.6351397006 98019.2390418933 98586.7987177306 99161.1947309473 99742.3089743133 100330.024711379 100924.226614051 101524.800796175 102131.634843282 102744.617838697 103363.640386156 103988.594629108 104619.37426689 105255.874567903 105897.992379991 106545.626138153 107198.675869759 107857.043197411 108520.631339606 109189.345109334 109863.09091075 110541.776734057
0 0 0 0 0 0 0 0 0 0 0 0 0 0 0 0 0 88633.7690632468 89070.3692448588 89516.0116206816 89970.5618273696 90433.8855440318 90905.8486217998 91386.3172072717 91875.1578598187 92372.2376627585 92877.4243284322 93390.5862972397 93911.592830708 94440.3140986899 94976.6212608015 95520.3865422259 96071.4833040209 96629.78610808 97195.1707769054 97767.5144483603 98346.6956255718 98932.5942221641 99525.0916030018 100124.070620628 100729.41564758 101341.012604776 101958.748986146 102582.513879698 103212.197985204 103847.693628677 104488.894773818 105135.697030612 105787.997661224 106445.69558338 107108.691371373 107776.887254859 108450.187115584 109128.496482192 109811.722523245
0 0 0 0 0 0 0 0 0 0 0 0 0 0 0 0 0 87732.9756611331 88174.0362998966 88624.1859566225 89083.2868473797 89551.2013017751 90027.7918958894 90512.921578679 91006.4537918417 91508.2525831694 92018.182713438 92536.1097569061 93061.9001955187 93595.4215069263 94136.5422464504 94685.1321231388 95241.0620700692 95804.2043090662 96374.4324100112 96951.6213449282 97535.6475370357 98126.3889049596 98723.7249023045 99327.5365527829 99937.7064811022 100554.11893981 101176.659832295 101805.216732142 102439.678899033 103079.937291383 103725.884575905 104377.415134274 105034.425067075 105696.812195211 106364.476058918 107037.317914579 107715.240729458 108398.14917453 109085.949615531
0 0 0 0 0 0 0 0 0 0 0 0 0 0 0 0 0 86834.3539064866 87279.9557597017 87734.692889837 88198.423996875 88671.0079709882 89152.3040288335 89642.1718428781 90140.4716637683 90647.0644357837 91161.8119054446 91684.5767233626 92215.2225394522 92753.614091631 93299.6172881633 93853.0992838076 94413.9285499485 94981.9749388972 95557.1097425608 96139.2057456807 96728.1372738504 97323.7802365248 97926.0121652357 98534.71224723 99149.7613547452 99771.042070139 100398.438707083 101031.837328035 101671.125758187 102316.193596104 102966.932221243 103623.234798536 104284.996280247 104952.113405256 105624.484695965 106302.010452986 106984.592747765 107672.135413317 108364.544033195
0 0 0 0 0 0 0 0 0 0 0 0 0 0 0 0 0 85937.9719236902 86388.1975585525 86847.6040917308 87316.0466096154 87793.3804713718 88279.4614485701 88774.145857384 89277.2906833905 89788.7536990303 90308.3935738182 90836.0699774168 91371.6436757088 91914.9766200221 92465.9320296818 93024.3744680729 93590.1699124153 94163.1858174589 94743.2911733164 95330.3565576587 95924.2541824999 96524.8579358052 97132.0434181527 97745.6879746847 98365.6707225795 98991.8725742748 99624.1762566696 100262.46632653 100906.629182314 101556.553072638 102212.128101581 102873.246231042 103539.801280334 104211.688923218 104888.806682544 105571.053922686 106258.331839932 106950.543450997 107647.593579802
0 0 0 0 0 0 0 0 0 0 0 0 0 0 0 0 0 0 0 85962.9939943579 86436.2308035961 86918.3965256553 87409.3434001742 87908.9243063984 88416.9928903184 88933.4036840215 89458.012217373 89990.6751221601 90531.2502288613 91079.5966562172 91635.5748938027 92199.0468778081 92769.8760602534 93347.9274718689 93933.0677788808 94525.1653339487 95124.0902215041 95729.7142977423 96341.9112255196 96960.5565044076 97585.5274961556 98216.7034458063 98853.9654987091 99497.1967136687 100146.282072461 100801.108485946 101461.564796991 102127.541780426 102798.932140227 103475.630504141 104157.533415918 104844.539325359 105536.548576335 106233.463392962 106935.187864062
0 0 0 0 0 0 0 0 0 0 0 0 0 0 0 0 0 0 0 85080.9399129676 85559.0556021543 86046.1367790039 86542.032063325 87046.5908161146 87559.6632689197 88081.1006449461 88610.7552720529 89148.4806877951 89694.1317367011 90247.5646599907 90808.6371779564 91377.2085652448 91953.1397192873 92536.2932221369 93126.5333959759 93723.7263525642 94327.7400368993 94938.4442653627 95555.7107586244 96179.4131695781 96809.4271065733 97445.6301522108 98087.9018779583 98736.123854841 99390.1796604524 100049.954882526 100715.337119299 101386.21597689 102062.483063911 102744.031983515 103430.758323084 104122.559641735 104819.335455846 105520.98722275 106227.418322777
0 0 0 0 0 0 0 0 0 0 0 0 0 0 0 0 0 0 0 84201.522174329 84684.6030606068 85176.6849236988 85677.6126747797 86187.2320747574 86705.3898657206 87231.9338936443 87766.7132225176 88309.5782400877 88860.3807554339 89418.9740886083 89985.2131525938 90558.9545278447 91140.0565296883 91728.379268868 92323.7847055233 92926.1366968967 93535.3010390668 94151.1455030016 94773.5398652276 95402.3559334067 96037.467567106 96678.7506940458 97326.0833220981 97979.3455473065 98638.4195581874 99303.1896365647 99973.5421551825 100649.36557233 101330.550423705 102016.98931173 102708.576892527 103405.209860754 104106.786932482 104813.208826291 105524.378242765
0 0 0 0 0 0 0 0 0 0 0 0 0 0 0 0 0 0 82845.8850964578 83324.8242510838 83812.9583986422 84310.127829289 84816.1736560284 85330.9379575081 85854.2639113901 86385.9959184655 86925.9797177095 87474.0624925022 88030.0929682611 88593.9215017555 89165.4001623821 89744.3828057013 90330.725139538 90924.2847829627 91524.9213184683 92132.4963376676 92746.8734808287 93367.918470572 93995.4991400434 94629.485455879 95269.7495362664 95916.1656644043 96568.610297653 97226.9620726601 97891.1018067373 98560.9124957533 99236.2793087994 99917.089579874 100603.23279682 101294.600587739 101991.086705104 102692.587007761 103398.999441025 104110.224015049 104826.162781637
0 0 0 0 0 0 0 0 0 0 0 0 0 0 0 0 0 0 81966.8876889655 82450.9329023875 82944.2101386982 83446.5556784164 83957.8067463031 84477.8016564594 85006.3799474287 85543.3825075039 86088.6516904734 86642.0314220654 87203.3672973739 87772.5066695672 88349.2987301978 88933.5945814418 89525.2473006066 90124.1119972524 90730.045863274 91342.9082162941 91962.5605367144 92588.8664987717 93221.6919959399 93860.9051610116 94506.3763811889 95157.9783085026 95815.5858658704 96479.076249094 97148.3289250876 97823.2256266145 98503.6503438023 99189.4893126917 99880.6310010659 100576.966091793 101278.387463901 101984.790171607 102696.071421477 103412.130547938 104132.868987281
0 0 0 0 0 0 0 0 0 0 0 0 0 0 0 0 0 80610.8864754443 81090.6941480679 81579.9383210971 82078.4502505532 82586.0621085123 83102.6071411094 83627.9198157415 84161.8359576751 84704.1928762982 85254.8294812889 85813.5863889989 86380.306019374 86954.8326837515 87537.0126638883 88126.6942825853 88723.7279662818 89327.9662999964 89939.2640749957 90557.4783295689 91182.4683832855 91814.0958651087 92452.2247357298 93096.7213044821 93747.4542411842 94404.2945832522 95067.1157384086 95735.7934833075 96410.2059583788 97090.233659187 97775.7594245836 98466.6684219212 99162.8481295848 99864.188317082 100570.581022922 101281.920530501 101998.103342195 102719.028151865 103444.595815935
0 0 0 0 0 0 0 0 0 0 0 0 0 0 0 0 0 79732.3335815337 80217.3963515115 80711.9342877744 81215.774302364 81728.7443595645 82250.6736364485 82781.3926719531 83320.7335047323 83868.5298000694 84424.6169661649 84988.8322601398 85561.0148841205 86141.0060717845 86728.6491657614 87323.7896862948 87926.2753915732 88535.9563301447 89152.6848858284 89776.3158155331 90406.7062803908 91043.7158706046 91687.2066244026 92337.0430414815 92993.0920913104 93655.2232166549 94323.3083326702 94997.2218218959 95676.8405254742 96362.0437308982 97052.7131565834 97748.7329335402 98449.9895844133 99156.3720001373 99867.7714144465 100584.081376462 101305.197721564 102031.018540754 102761.44414868
0 0 0 0 0 0 0 0 0 0 0 0 0 0 0 0 78375.9488574043 78856.6738986433 79347.0899114485 79847.01833177 80356.2816183808 80874.703428149 81402.1087788859 81938.3242000231 82483.1778714097 83036.4997505623 83598.1216887297 84167.8775361609 84745.6032369862 85331.1369141371 85924.3189447419 86524.9920264443 87133.0012350933 87748.194074256 88370.4205170022 88999.5330404061 89635.386653201 90277.8389170198 90926.7499616361 91581.9824946174 92243.4018057819 92910.8757668415 93584.2748265967 94263.4720020353 94948.342865671 95638.7655294417 96334.6206254743 97035.7912840029 97742.1631087173 98453.6241497976 99170.0648748812 99891.3781381889 100617.459148028 101348.205432872 102083.516806202
0 0 0 0 0 0 0 0 0 0 0 0 0 0 0 0 77497.8668048253 77984.0048879062 78479.8743463284 78985.2918996569 79500.075443565 80024.0442279135 80557.0190216195 81098.8222646179 81649.2782072604 82208.2130375374 82775.4549965366 83350.8344825783 83934.1841444872 84525.3389644739 85124.1363311119 85730.4161028993 86344.0206628969 86964.7949649356 87592.5865718773 88227.245686411 88868.6251748549 89516.5805844223 90170.9701544011 90831.6548216777 91498.4982210251 92171.3666805557 92850.1292127263 93534.6575012626 94224.825884355 94920.511334461 95621.5934350294 96327.9543544478 97039.4788174952 97756.0540745667 98477.5698689206 99203.9184021813 99934.9942983196 100670.694566312 101410.918561673
0 0 0 0 0 0 0 0 0 0 0 0 0 0 0 0 76622.7731115133 77114.4280816306 77615.8532608867 78126.8605312796 78647.2631153337 79176.8757566946 79715.5148866867 80262.9987771955 80819.1476802782 81383.7839549448 81956.7321815826 82537.8192645176 83126.8745232292 83723.7297727425 84328.219393734 84940.1803928874 85559.4524540379 86185.8779806372 86819.3021300667 87459.5728403148 88106.5408495241 88760.0597088993 89419.9857894525 90086.1782830441 90758.4991981629 91436.8133508679 92120.988351298 92810.8945861341 93506.4051973821 94207.396057823 94913.7457434594 95625.335503268 96342.0492265506 97063.7734081548 97790.3971118235 98521.8119319101 99257.9119536834 99998.5937124303 100743.756151546
0 0 0 0 0 0 0 0 0 0 0 0 0 0 0 75263.495137018 75750.7713445774 76248.0492757485 76755.134534541 77271.8340436799 77797.9562426452 78333.3112704362 78877.7111334347 79430.9698587905 79992.9036338012 80563.3309317901 81142.0726250177 81728.9520851832 82323.7952720882 82926.4308110461 83536.6900596243 84154.4071643087 84779.4191076748 85411.565746644 86050.6898423935 86696.6370824747 87349.2560956809 88008.3984601889 88673.918705479 89345.6743085216 90023.5256846949 90707.336173881 91396.9720221626 92092.3023595267 92793.1991739535 93499.5372822536 94211.1942979923 94928.0505968208 95649.9892795137 96376.8961329924 97108.6595895965 97845.170684846 98586.323013921 99332.0126870673 100082.138284122
0 0 0 0 0 0 0 0 0 0 0 0 0 0 73906.2787669722 74389.0025490323 74881.969520696 75384.9787315548 75897.8305185036 76420.3267231567 76952.2708926288 77493.4684640651 78043.7269333646 78602.8560085961 79170.6677486467 79746.9766876785 80331.5999459967 80924.3573279527 81525.0714075167 82133.5676021638 82749.6742357197 83373.222590807 84004.0469515295 84641.9846370186 85286.8760264545 85938.5645761572 86596.8968293255 87261.7224189815 87932.8940646553 88610.2675633271 89293.7017751136 89983.0586041698 90678.2029752463 91379.0028063258 92085.3289777314 92797.0552980833 93514.0584674521 94236.2180380377 94963.4163726806 95695.5386014918 96432.4725768666 97174.1088271287 97920.3405090341 98671.0633593441 99426.1756456629
