AgentSeal-Grey/Input/ho_distance_noBay_id_GS_large82.asc
NCOLS 284 
NROWS 185 
XLLCORNER 428292.82952926 
YLLCORNER 6186935 
CELLSIZE 1000 
NODATA_value -9999 
[rows 75 to 99 of 185, columns 220 to 274 of 284]
186275.036915437 187168.306710581 188062.650986219 188958.054485706 189854.502222311 190751.979473714 191650.471776614 192549.964921464 193450.444947319 194351.898136793 195254.311011134 196157.670325408 197061.963063778 197967.176434904 198873.297867428 199780.315005571 200688.215704819 201596.988027704 202506.620239687 203417.100805118 204328.418383293 205240.561824598 206153.520166732 207067.282631017 207981.838618789 208897.177707863 209813.289649081 210730.16436293 211647.79193624 212566.162618947 213485.266820929 214405.095108912 215325.638203443 216246.886975926 217168.83244572 218091.46577731 219014.778277527 219938.761392831 220863.40670666 221788.705936821 222714.650932956 223641.233674041 224568.446265956 225496.280939096 226424.730046041 227353.786059263 228283.441568896 229213.689280544 230144.52201314 231075.932696841 232007.914370983 232940.460182065 233873.563381778 234807.217325084 235741.415468321
185826.584152665 186721.999338337 187618.471094838 188515.984348869 189414.524295476 190314.076392526 191214.626355304 192116.160151241 193018.663994744 193922.124342155 194826.527886817 195731.861554248 196638.112497425 197545.268092173 198453.315932657 199362.243826973 200272.039792837 201182.692053373 202094.189032988 203006.519353343 203919.671829419 204833.635465654 205748.399452183 206663.953161149 207580.286143102 208497.388123474 209415.248999133 210333.858835014 211253.207860818 212173.286467794 213094.08520558 214015.594779123 214937.806045656 215860.710011754 216784.297830441 217708.560798366 218633.490353043 219559.078070147 220485.315660865 221412.194969315 222339.707970008 223267.846765375 224196.60358334 225125.970774951 226055.940812053 226986.506285023 227917.659900543 228849.394479422 229781.70295447 230714.578368414 231648.013871852 232582.00272126 233516.538277036 234451.614001587 235387.22345745
185382.440856322 186279.990973014 187178.579693203 188078.192130356 188978.813664605 189880.429937211 190783.026845154 191686.590535846 192591.107401966 193496.564076405 194402.947427329 195310.244553355 196218.442778832 197127.529649231 198037.492926635 198948.320585335 199860.000807525 200772.521979086 201685.872685473 202600.041707694 203515.018018371 204430.790777897 205347.349330677 206264.683201448 207182.782091688 208101.635876104 209021.234599189 209941.568471867 210862.627868207 211784.40332221 212706.885524666 213630.06532008 214553.933703673 215478.481818438 216403.700952265 217329.582535134 218256.118136364 219183.299461918 220111.11835178 221039.566777375 221968.636839055 222898.320763632 223828.61090197 224759.499726628 225690.97982955 226623.043919812 227555.684821407 228488.895471088 229422.668916253 230356.998312869 231291.876923453 232227.298115084 233163.255357465 234099.742221022 235036.752375044
184942.638074208 185842.312288957 186743.007087185 187644.70777249 188547.399913342 189451.069337547 190355.702126831 191261.284611542 192167.803365485 193075.245200865 193983.59716335 194892.846527242 195802.980790768 196713.987671463 197625.855101671 198538.571224146 199452.124387743 200366.503143221 201281.696239129 202197.692617793 203114.48141139 204032.051938112 204950.393698414 205869.496371351 206789.34981099 207709.944042914 208631.269260792 209553.315823032 210476.074249512 211399.535218374 212323.689562901 213248.528268454 214174.042469484 215100.223446603 216027.062623731 216954.551565289 217882.681973475 218811.445685578 219740.834671372 220670.841030549 221601.45699022 222532.674902467 223464.487241945 224396.886603544 225329.865700094 226263.417360122 227197.534525662 228132.210250105 229067.4376961 230003.2101335 230939.520937352 231876.363585925 232813.731658789 233751.618834927 234690.018890893
184507.206845282 185408.99394826 186311.783567129 187215.561198911 188120.312603614 189026.023798683 189932.681053574 190840.270884468 191748.780049094 192658.195541675 193568.504587995 194479.694640575 195391.753373958 196304.668680111 197218.428663923 198133.02163881 199048.436122427 199964.660832464 200881.684682554 201799.496778261 202718.086413171 203637.443065062 204557.556392168 205478.416229524 206400.012585397 207322.335637795 208245.375731057 209169.123372518 210093.569229251 211018.704124882 211944.519036476 212871.005091491 213798.153564806 214725.955875806 215654.403585545 216583.488393958 217513.202137144 218443.53678471 219374.484437164 220306.037323378 221238.187798102 222170.928339526 223104.251546907 224038.150138239 224972.61694798 225907.644924825 226843.22712953 227779.356732778 228716.027013099 229653.23135483 230590.96324612 231529.216276979 232467.984137366 233407.260615323 234347.039595143
184076.178192203 184980.06659342 185884.9394006 186790.782307434 187697.581268597 188605.322494197 189513.992444354 190423.577823906 191334.06557724 192245.442883243 193157.697150367 194070.816011814 194984.787320831 195899.599146114 196815.239767318 197731.69767067 198648.96154469 199567.020276002 200485.862945248 201405.478823093 202325.857366324 203246.988214036 204168.861183911 205091.466268574 206014.79363204 206938.833606239 207863.576687618 208789.013533825 209715.134960465 210641.931937933 211569.395588311 212497.517182347 213426.28813649 214355.700010004 215285.744502132 216216.41344934 217147.698822608 218079.592724796 219012.087388051 219945.175171291 220878.848557729 221813.100152464 222747.922680113 223683.308982507 224619.252016434 225555.744851425 226492.780667595 227430.352753536 228368.454504243 229307.079419095 230246.221099877 231185.873248847 232126.02966684 233066.684251416 234007.830995049
183649.583113732 184555.560839835 185462.504825004 186370.400962769 187279.235405535 188188.994559034 189099.665076908 190011.233855415 190923.688028269 191837.014961592 192751.202248994 193666.23770676 194582.109369155 195498.80548384 196416.314507392 197334.625100932 198253.726125851 199173.606639641 200094.255891819 201015.66331995 201937.818545754 202860.711371316 203784.331775372 204708.669909688 205633.716095518 206559.460820149 207485.894733519 208413.00864492 209340.793519768 210269.240476453 211198.340783263 212128.085855366 213058.467251879 213989.476672987 214921.105957133 215853.347078278 216786.192143213 217719.633388936 218653.663180088 219588.274006446 220523.458480472 221459.209334918 222395.519420481 223332.381703514 224269.789263785 225207.735292287 226146.213089097 227085.216061279 228024.737720837 228964.771682709 229905.311662809 230846.351476111 231787.885034767 232729.906346282 233672.409511709
183227.452576975 184135.507268169 185044.510040057 185954.446989103 186865.304468437 187777.069082303 188689.727680652 189603.267353854 190517.675427546 191432.939457592 192349.047225175 193265.986731994 194183.746195581 195102.31404473 196021.678915029 196941.829644505 197862.755269363 198784.445019831 199706.888316104 200630.074764377 201553.994152976 202478.636448581 203403.991792528 204330.050497213 205256.803042559 206184.240072588 207112.352392051 208041.130963153 208970.566902342 209900.65147718 210831.376103281 211762.73234132 212694.711894114 213627.306603764 214560.508448869 215494.309541797 216428.702126022 217363.678573521 218299.231382228 219235.353173547 220172.036689922 221109.274792458 222047.060458601 222985.38677986 223924.246959597 224863.634310844 225803.542254189 226743.964315697 227684.894124877 228626.325412703 229568.252009666 230510.667843881 231453.566939226 232396.943413525 233340.791476775
182809.817509475 183719.936416563 184630.985200114 185542.950162552 186455.817860644 187369.575099962 188284.208929476 189199.706636287 190116.055740476 191033.243990082 191951.259356204 192870.090028214 193789.724409087 194710.151110846 195631.35895011 196553.336943755 197476.074304671 198399.560437624 199323.784935218 200248.737573947 201174.408310346 202100.787277231 203027.864780022 203955.631293165 204884.077456624 205813.194072466 206742.972101518 207673.402660109 208604.47701688 209536.186589679 210468.522942513 211401.477782587 212335.042957398 213269.210451904 214203.972385755 215139.321010585 216075.248707376 217011.747983866 217948.811472032 218886.431925622 219824.602217742 220763.315338502 221702.564392714 222642.342597638 223582.643280784 224523.459877762 225464.785930175 226406.615083566 227348.941085408 228291.757783138 229235.059122233 230178.839144332 231123.091985398 232067.81187392 233012.993129155
182396.708791161 183308.878772704 184221.960406366 185135.940203471 186050.804927261 186966.541587366 187883.137434413 188800.579954769 189718.856865404 190637.956108888 191557.865848502 192478.574463474 193400.070544325 194322.342888326 195245.380495076 196169.172562167 197093.708480976 198018.977832536 198944.970383523 199871.676082329 200799.085055231 201727.187602654 202655.974195519 203585.43547168 204515.562232442 205446.345439169 206377.776209962 207309.845816419 208242.545680478 209175.867371321 210109.802602361 211044.343228293 211979.481242219 212915.208772832 213851.518081676 214788.401560456 215725.851728425 216663.861229816 217602.422831345 218541.529419765 219481.173999476 220421.349690194 221362.049724666 222303.267446441 223244.996307694 224187.229867093 225129.961787718 226073.185835026 227016.895874859 227961.085871504 228905.749885785 229850.882073209 230796.476682142 231742.528052037 232689.030611689
181988.157246145 182902.364765757 183817.465698895 184733.446768643 185650.294947467 186567.997451707 187486.541736197 188405.915489024 189326.106626412 190247.103287735 191168.893830646 192091.466826331 193014.811054877 193938.915500753 194863.769348401 195789.361977931 196715.682960927 197642.722056347 198570.469206529 199498.914533286 200428.048334104 201357.86107842 202288.343404001 203219.486113398 204151.280170495 205083.716697135 206016.786969822 206950.482416513 207884.794613474 208819.715282213 209755.236286495 210691.349629409 211628.047450522 212565.322023087 213503.165751324 214441.571167756 215380.530930617 216320.03782131 217260.084741932 218200.664712851 219141.770870339 220083.396464265 221025.534855829 221968.179515362 222911.324020164 223854.962052399 224799.087397034 225743.693939826 226688.775665352 227634.326655087 228580.341085522 229526.813226325 230473.737438543 231421.108172848 232368.919967812
181584.193634379 182500.424758152 183417.531048601 184335.499443333 185254.317126705 186173.971524325 187094.4502977 188015.741339009 188937.832766007 189860.71291706 190784.370346296 191708.793818884 192633.972306418 193559.894982427 194486.551217987 195413.930577442 196342.022814231 197270.817866816 198200.305854711 199130.477074604 200061.321996577 200992.831260412 201924.995671994 202857.806199795 203791.25397144 204725.330270366 205660.02653255 206595.334343319 207531.245434238 208467.751680073 209404.845095817 210342.517833798 211280.762180848 212219.570555542 213158.935505498 214098.849704747 215039.305951155 215980.297163914 216921.81638109 217863.856757219 218806.411560969 219749.474172856 220693.038083002 221637.096888955 222581.644293555 223526.674102848 224472.180224052 225418.156663562 226364.597525003 227311.497007334 228258.849402983 229206.649096033 230154.890560445 231103.568358321 232052.677138204
181184.848643168 182103.089037243 183022.18634899 183942.127733217 184862.900588738 185784.492552904 186706.891496267 187630.085517374 188554.062937704 189478.812296716 190404.322347033 191330.582049737 192257.580569791 193185.307271563 194113.75171447 195042.903648724 195972.753011187 196903.289921328 197834.50467727 198766.387751952 199698.929789366 200632.121600895 201565.954161746 202500.418607453 203435.506230481 204371.208476905 205307.516943168 206244.423372918 207181.919653927 208119.99781507 209058.650023392 209997.868581235 210937.645923434 211877.974614585 212818.847346369 213760.25693495 214702.196318422 215644.658554328 216587.636817228 217531.124396326 218475.114693158 219419.601219323 220364.57759428 221310.03754318 222255.974894765 223202.3835793 224149.257626563 225096.591163878 226044.378414188 226992.61369418 227941.291412446 228890.40606769 229839.952246972 230789.924623995 231740.317957423
180790.152878545 181710.387806823 182631.461407843 183553.361056187 184476.074367604 185399.589193558 186323.893615925 187248.975941812 188174.824698512 189101.428628591 190028.776685092 190956.858026862 191885.662013997 192815.178203398 193745.396344447 194676.306374775 195607.898416153 196540.162770469 197473.089915818 198406.670502681 199340.895350196 200275.755442531 201211.241925333 202147.346102276 203084.059431685 204021.373523243 204959.280134784 205897.77116916 206836.838671176 207776.474824617 208716.671949327 209657.422498374 210598.719055269 211540.554331265 212482.921162707 213425.812508459 214369.221447376 215313.141175853 216257.565005415 217202.486360377 218147.898775552 219093.795894012 220040.171464906 220987.019341327 221934.333478221 222882.107930361 223830.336850346 224779.014486669 225728.135181808 226677.693370378 227627.683577313 228578.100416099 229528.938587034 230480.192875546 231431.858150531
180400.13685651 181322.351178519 182245.385938752 183169.22873404 184093.867399437 185019.2900028 185945.484839505 186872.440427306 187800.145501317 188728.589009122 189657.76010602 190587.648150375 191518.242699096 192449.533503223 193381.510503633 194314.163826843 195247.483780928 196181.460851535 197116.085697999 198051.349149556 198987.24220165 199923.756012327 200860.881898729 201798.61133366 202736.93594225 203675.847498692 204615.337923062 205555.399278218 206496.023766769 207437.203728127 208378.931635622 209321.200093688 210264.001835122 211207.329718404 212151.176725083 213095.535957222 214040.400634913 214985.764093841 215931.61978291 216877.961261927 217824.782199336 218772.076370013 219719.837653102 220668.06002991 221616.73758185 222565.864488427 223515.435025278 224465.443562251 225415.884561529 226366.752575803 227318.042246482 228269.748301942 229221.86555582 230174.388905345 231127.313329705
180014.830994137 180939.009163049 181863.989552535 182789.75998404 183716.308514192 184643.623429406 185571.693240641 186500.506678285 187430.052687171 188360.320421723 189291.29924123 190222.978705232 191155.348569036 192088.398779334 193022.119469937 193956.500957625 194891.533738087 195827.208481974 196763.516031049 197700.447394434 198637.993744948 199576.146415539 200514.896895804 201454.2368286 202394.158006727 203334.652369709 204275.712000642 205217.329123122 206159.496098254 207102.20542173 208045.449720976 208989.221752371 209933.514398536 210878.320665683 211823.633681035 212769.446690298 213715.753055207 214662.546251117 215609.81986466 216557.56759146 217505.783233891 218454.460698899 219403.593995872 220353.177234557 221303.204623029 222253.670465711 223204.56916143 224155.895201527 225107.643168011 226059.807731748 227012.383650702 227965.365768206 228918.749011283 229872.528388995 230826.69899084
179634.265600546 180560.391661366 181487.301748537 182414.983910377 183343.426427242 184272.617806174 185202.546775682 186133.202280671 187064.573477491 187996.649729122 188929.420600479 189862.875853842 190797.005444398 191731.799515908 192667.248396469 193603.342594402 194540.072794229 195477.429852764 196415.404795298 197353.988811879 198293.17325369 199232.949629514 200173.309602292 201114.244985763 202055.747741192 202997.809974173 203940.423931522 204883.581998235 205827.276694529 206771.500672952 207716.246715569 208661.50773121 209607.276752789 210553.54693469 211500.311550213 212447.563989084 213395.297755021 214343.50646337 215292.183838781 216241.323712952 217190.920022427 218140.966806437 219091.458204799 220042.38845587 220993.751894533 221945.542950249 222897.756145143 223850.386092135 224803.427493125 225756.875137204 226710.723898923 227664.968736589 228619.60469061 229574.626881868 230530.030510143
179258.47086776 180186.52845567 181115.351905808 182044.929495504 182975.24973089 183906.30134158 184838.073275499 185770.554693841 186703.734966164 187637.603665614 188572.150564267 189507.365628598 190443.239015067 191379.761065815 192316.922304479 193254.713432106 194193.125323179 195132.14902174 196071.775737613 197011.996842729 197952.803867533 198894.188497493 199836.142569694 200778.658069511 201721.727127377 202665.342015626 203609.495145411 204554.179063708 205499.386450388 206445.110115364 207391.342995804 208338.078153423 209285.30877183 210233.028153948 211181.229719493 212129.907002515 213079.053649002 214028.663414536 214978.730162012 215929.247859408 216880.21057761 217831.612488286 218783.447861819 219735.711065279 220688.39656045 221641.4989019 222595.0127351 223548.932794585 224503.253902157 225457.970965134 226413.078974633 227368.573003905 228324.448206692 229280.699815639 230237.323140727
178887.476861427 179817.44920031 180748.169274172 181679.625591377 182611.806885759 183544.702111339 184478.300437202 185412.591242497 186347.56411157 187283.208829233 188219.51537615 189156.473924345 190094.074832831 191032.30864335 191971.166076228 192910.638026329 193850.715559123 194791.38990685 195732.652464787 196674.494787604 197616.908585824 198559.88572236 199503.41820915 200447.498203878 201392.118006768 202337.270057472 203282.946932026 204229.141339887 205175.846121043 206123.054243199 207070.758799023 208018.953003474 208967.630191186 209916.783813917 210866.407438068 211816.494742255 212767.039514945 213718.035652148 214669.477155164 215621.358128386 216573.67277716 217526.415405686 218479.580414979 219433.162300879 220387.155652099 221341.555148329 222296.355558384 223251.551738388 224207.13863001 225163.111258738 226119.464732193 227076.19423848 228033.295044585 228990.762494798 229948.592009187
178521.313511434 179453.183412572 180385.78296519 181319.100910586 182253.126212094 183187.848049864 184123.255815768 185059.339108452 185996.087728521 186933.491673842 187871.541134981 188810.226490758 189749.538303917 190689.467316914 191630.004447808 192571.14078627 193512.867589687 194455.176279374 195398.058436876 196341.505800377 197285.51026119 198230.063860345 199175.158785264 200120.787366514 201066.942074653 202013.615517149 202960.800435377 203908.489701698 204856.676316605 205805.353405942 206754.514218198 207704.152121862 208654.260602846 209604.833261971 210555.863812522 211507.346077851 212459.27398905 213411.641582677 214364.442998533 215317.672477504 216271.324359445 217225.393081119 218179.873174189 219134.759263253 220090.046063929 221045.728380987 222001.801106521 222958.259218173 223915.097777386 224872.311927714 225829.896893156 226787.847976544 227746.160557957 228704.830093177 229663.852112185
178160.010602401 179093.760463356 180028.221943018 180963.384017384 181899.235880972 182835.766941647 183772.966815576 184710.825322332 185649.332480124 186588.47850115 187528.253787083 188468.648924672 189409.65468146 190351.262001617 191293.462001886 192236.245967625 193179.60534897 194123.531757081 195068.016960497 196013.052881586 196958.631593078 197904.7453147 198851.386409889 199798.547382591 200746.220874148 201694.399660255 202643.076648005 203592.244873 204541.897496543 205492.027802892 206442.629196596 207393.695199882 208345.219450124 209297.195697359 210249.617801881 211202.479731881 212155.775561153 213109.499466853 214063.645727319 215018.208719936 215973.182919057 216928.562893979 217884.34330696 218840.518911293 219797.084549414 220754.035151072 221711.365731528 222669.071389805 223627.147306977 224585.588744503 225544.391042592 226503.549618614 227463.059965548 228422.917650461 229383.118313026
177803.597764071 178739.209567756 179675.515015164 180612.503318633 181550.163905411 182488.486412541 183427.460681869 184367.076755198 185307.324869568 186248.195452665 187189.679118355 188131.766662335 189074.449057904 190017.717451843 190961.563160409 191905.977665432 192850.952610517 193796.479797344 194742.551182069 195689.158871817 196636.295121267 197583.952329324 198532.123035883 199480.799918673 200429.97579018 201379.643594656 202329.796405198 203280.427420909 204231.529964122 205183.097477703 206135.12352242 207087.601774374 208040.526022504 208993.890166145 209947.688212653 210901.914275086 211856.562569948 212811.627414981 213767.10322702 214722.984519892 215679.265902377 216635.94207621 217593.007834134 218550.458058005 219508.287716939 220466.491865501 221425.065641945 222384.004266489 223343.30303964 224302.957340547 225262.962625403 226223.314425883 227184.008347618 228145.040068701 229106.405338235
177452.104461591 178389.559775526 179327.690823154 180266.487054647 181205.938131402 182146.033920973 183086.764492135 184028.120110099 184970.091231841 185912.668501569 186855.842746307 187799.604971606 188743.946357359 189688.858253742 190634.332177252 191580.359806858 192526.932980256 193474.043690213 194421.684081022 195369.846445042 196318.523219328 197267.706982356 198217.390450825 199167.566476556 200118.228043454 201069.368264563 202020.98037919 202973.057750105 203925.593860815 204878.582312902 205832.016823436 206785.891222447 207740.199450468 208694.935556133 209650.093693843 210605.668121482 211561.653198197 212518.043382233 213474.833228817 214432.017388099 215389.59060314 216347.547707957 217305.883625606 218264.593366317 219223.672025679 220183.114782857 221142.916898868 222103.073714881 223063.580650577 224024.43320253 224985.626942642 225947.157516602 226909.020642394 227871.212108834 228833.727774137
177105.559985698 178044.839961472 178984.777833101 179925.363289957 180866.58622886 181808.436749069 182750.905147413 183693.981913554 184637.657725383 185581.923444538 186526.770112048 187472.188944097 188418.1713279 189364.708817689 190311.793130817 191259.416143952 192207.569889388 193156.246551444 194105.438462968 195055.138101921 196005.338088068 196956.031179744 197907.21027071 198858.868387089 199810.998684387 200763.594444587 201716.64907332 202670.156097112 203624.109160694 204578.502024393 205533.328561582 206488.582756194 207444.258700308 208400.350591785 209356.852731973 210313.759523469 211271.06546793 212228.765163945 213186.853304962 214145.324677262 215104.174157984 216063.396713203 217022.987396048 217982.941344877 218943.253781482 219903.920009355 220864.935411983 221826.295451189 222787.995665513 223750.031668635 224712.39914783 225675.093862464 226638.111642527 227601.448387195 228565.100063434
176763.993442804 177705.078815734 178646.804326203 179589.159903996 180532.135682492 181475.721993715 182419.90936353 183364.688506967 184310.050323675 185255.985893504 186202.486472208 187149.543487264 188097.148533809 189045.293370685 189993.969916592 190943.170246347 191892.886587241 192843.1113155 193793.836952832 194745.056163075 195696.761748931 196648.946648784 197601.603933609 198554.726803956 199508.308587016 200462.342733768 201416.822816191 202371.742524562 203327.095664808 204282.876155944 205239.078027561 206195.695417391 207152.72256893 208110.153829117 209067.983646079 210026.206566932 210984.817235635 211943.810390898 212903.180864146 213862.923577533 214823.033542003 215783.505855399 216744.335700625 217705.518343849 218667.049132745 219628.923494791 220591.136935597 221553.685037279 222516.563456873 223479.767924783 224443.294243276 225407.138284998 226371.295991543 227335.763372042 228300.536501795
