AgentSeal-Grey/Input/ho_distance_noBay_id_GS_large82.asc
NCOLS 284 
NROWS 185 
XLLCORNER 428292.82952926 
YLLCORNER 6186935 
CELLSIZE 1000 
NODATA_value -9999 
[rows 125 to 149 of 185, columns 165 to 219 of 284]
116351.52826512 117308.413119808 118266.011380049 119224.30585583 120183.279893099 121142.917353519 122103.2025951 123064.120453683 124025.656225223 124987.795648838 125950.524890586 126913.830527932 127877.699534873 128842.11926769 129807.077451302 130772.562166177 131738.561835801 132705.065214647 133672.061376648 134639.539704133 135607.489877216 136575.901863608 137544.765908836 138514.072526855 139483.812491032 140453.976825478 141424.556796726 142395.543905731 143366.929880177 144338.706667082 145310.866425689 146283.40152062 147256.304515296 148229.568165599 149203.185413779 150177.149382578 151151.453369578 152126.090841756 153101.055430238 154076.340925241 155051.941271207 156027.850562098 157004.063036874 157980.573075126 158957.37519286 159934.464038438 160911.834388652 161889.481144945 162867.399329755 163845.584082991 164824.030658624 165802.7344214 166781.690843665 167760.895502291 168740.34407571
116063.810594125 117023.048108855 117982.962531655 118943.537473898 119904.757061023 120866.605912971 121829.069125476 122792.132252187 123755.781287571 124720.00265056 125684.783168903 126650.110064195 127615.97093754 128582.353755831 129549.246838599 130516.638845424 131484.518763865 132452.875897897 133421.699856816 134390.980544607 135360.708149741 136330.87313539 137301.466230031 138272.478418429 139243.90093298 140215.725245394 141187.943058713 142160.546299629 143133.527111112 144106.87784532 145080.59105678 146054.659495831 147029.076102319 148003.833999529 148978.926488341 149954.347041615 150930.089298773 151906.147060592 152882.514284181 153859.185078146 154836.153697932 155813.41454133 156790.962144145 157768.791176029 158746.896436446 159725.272850799 160703.915466677 161682.819450241 162661.980082741 163641.39275714 164621.05297487 165600.95634269 166581.098569652 167561.475464173 168542.082931205
115784.015000469 116745.551472797 117707.728921027 118670.531754115 119633.944872946 120597.953651468 121562.543918676 122527.701941392 123493.414407802 124459.668411721 125426.451437542 126393.751345835 127361.556359567 128329.855050918 129298.636328649 130267.889426008 131237.603889149 132207.769566027 133178.376595761 134149.415398431 135120.8766653 136092.75134943 137065.030656679 138037.706037064 139010.769176469 139984.211988681 140958.026607748 141932.205380629 142906.740860141 143881.625798175 144856.853139175 145832.416013872 146808.307733253 147784.521782764 148761.051816726 149737.891652972 150715.035267672 151692.476790361 152670.210499143 153648.230816079 154626.532302738 155605.109655912 156583.957703485 157563.071400456 158542.445825097 159522.07617525 160501.95776476 161482.086020027 162462.456476682 163443.064776381 164423.906663706 165404.977983172 166386.274676345 167367.792779048 168349.528418671
115512.199051135 116475.979449359 117440.365495625 118405.342391315 119370.895807408 120337.011866348 121303.677124727 122270.878556746 123238.603538409 124206.839832417 125175.575573728 126144.799255747 127114.49971711 128084.666129048 129055.287983283 130026.355080448 130997.857518989 131969.785684541 132942.130239749 133914.882114501 134888.032496583 135861.5728227 136835.494769875 137809.790247191 138784.451387875 139759.470541684 140734.840267613 141710.553326875 142686.602676171 143662.981461217 144639.683010523 145616.700829414 146594.028594283 147571.660147062 148549.589489903 149527.810780059 150506.318324965 151485.106577492 152464.170131388 153443.503716877 154423.102196432 155402.960560693 156383.073924536 157363.437523287 158344.046709069 159324.896947283 160305.983813209 161287.302988733 162268.850259185 163250.621510291 164232.612725229 165214.819981785 166197.239449613 167179.867387585 168162.700141229
115248.419206638 116214.38718458 117180.926125995 118148.022018164 119115.661295495 120083.830822145 121052.517875425 122021.710129954 122991.395642529 123961.562837662 124932.200493764 125903.297729935 126874.843993327 127846.829047066 128819.242958683 129792.076089054 130765.319081801 131738.962853151 132712.998582212 133687.41770167 134662.211888857 135637.373057199 136612.893348016 137588.765122647 138564.980954906 139541.533623835 140518.416106753 141495.621572574 142473.143375401 143450.975048363 144429.110297698 145407.542997064 146386.267182074 147365.277045036 148344.566929897 149324.131327382 150303.964870311 151284.062329097 152264.41860741 153245.028738003 154225.887878688 155206.991308473 156188.334423819 157169.912735057 158151.721862912 159133.75753517 160116.015583454 161098.491940115 162081.18263524 163064.083793754 164047.191632636 165030.502458223 166014.012663606 166997.718726127 167981.617204946
114992.73076864 115960.828682307 116929.463557078 117898.622158211 118868.291675547 119838.459706897 120809.11424218 121780.243648297 122751.836654679 123723.882339489 124696.370116432 125669.289722162 126642.631204232 127616.384909579 128590.541473501 129565.091809124 130540.027097306 131515.33877698 132491.018535908 133467.058301818 134443.450233916 135420.18671475 136397.260342414 137374.663923064 138352.390463748 139330.433165522 140308.785416846 141287.440787244 142266.393021217 143245.636032397 144225.163897929 145204.970853077 146185.051286038 147165.399732954 148146.01087312 149126.879524374 150108.000638659 151089.369297758 152070.980709183 153052.830202225 154034.913224145 155017.225336503 155999.762211635 156982.519629242 157965.493473112 158948.679727962 159932.074476388 160915.673895924 161899.474256212 162883.471916264 163867.663321825 164852.045002825 165836.613570924 166821.365717136 167806.29820954
114745.187827764 115715.356753922 116686.029359757 117657.193179187 118628.836148143 119600.946588735 120573.513194151 121546.525014245 122519.97144179 123493.842199341 124468.127326694 125442.81716891 126417.90236486 127393.373836278 128369.222777301 129345.440644449 130322.019147055 131298.950238088 132276.226105383 133253.839163233 134231.782044341 135210.0475921 136188.628853206 137167.519070569 138146.711676512 139126.200286258 140105.978691669 141086.040855249 142066.380904377 143046.993125777 144027.871960203 145009.011997334 145990.407970872 146972.054753821 147953.947353961 148936.080909487 149918.450684816 150901.052066558 151883.880559632 152866.931783533 153850.201468733 154833.685453225 155817.379679183 156801.280189753 157785.383125953 158769.684723698 159754.181310916 160738.869304781 161723.745209038 162708.805611425 163694.047181182 164679.466666654 165665.060892972 166650.826759817 167636.761239261
114505.843211728 115478.022968388 116450.673882747 117423.784246653 118397.342731427 119371.338372834 120345.760556739 121320.599005439 122295.843764607 123271.485190841 124247.513939773 125223.920954715 126200.697455803 127177.834929636 128155.325119357 129133.160015183 130111.331845329 131089.833067343 132068.656359798 133047.794614345 134027.240928101 135006.988596361 135987.031105604 136967.362126803 137947.975509006 138928.865273175 139910.025606282 140891.450855646 141873.135523493 142855.074261736 143837.26186696 144819.693275614 145802.36355938 146785.267920729 147768.401688651 148751.760314549 149735.339368286 150719.134534385 151703.141608382 152687.356493297 153671.77519626 154656.393825242 155641.208585923 156626.215778666 157611.411795605 158596.793117838 159582.356312723 160568.09803127 161554.015005626 162540.104046652 163526.362041583 164512.785951772 165499.372810509 166486.119720926 167473.02385396
114274.74843389 115248.877602723 116223.446204912 117198.443278076 118173.858216879 119149.68075879 120125.900970524 121102.509235105 122079.496239529 123056.852962993 124034.570665658 125012.640877923 125991.055390179 126969.806243019 127948.885717884 128928.286328124 129908.00081044 130888.022116708 131868.34340615 132848.958037844 133829.859563549 134811.041720839 135792.49842652 136774.223770325 137756.212008872 138738.45755987 139720.954996559 140703.699042381 141686.684565867 142669.906575725 143653.360216128 144637.040762189 145620.943615613 146605.064300522 147589.398459438 148573.941849428 149558.690338394 150543.639901506 151528.786617767 152514.126666716 153499.65632525 154485.371964559 155471.270047192 156457.347124209 157443.59983246 158430.024891945 159416.619103282 160403.37934526 161390.302572484 162377.3858131 163364.626166606 164352.020801734 165339.56695441 166327.26192579 167315.103080353
114051.953642316 115027.969592997 116004.394088095 116981.216897434 117958.428125603 118936.018198532 119913.977850708 120892.298112984 121870.970300958 122849.986003889 123829.337074112 124809.015616952 125789.013981075 126769.324749285 127749.940729725 128730.854947471 129712.060636493 130693.551231971 131675.320362938 132657.361845247 133639.669674836 134622.238021279 135605.061221609 136588.133774406 137571.450334121 138555.005705647 139538.794839107 140522.812824854 141507.054888679 142491.516387208 143476.192803491 144461.079742757 145446.172928343 146431.468197789 147416.961499071 148402.648886996 149388.526519729 150374.59065545 151360.837649151 152347.263949541 153333.866096077 154320.640716102 155307.584522092 156294.694309005 157281.966951726 158269.399402608 159256.988689102 160244.731911472 161232.62624059 162220.668915821 163208.857242966 164197.188592294 165185.660396634 166174.270149535 167163.015403495
113837.507569469 114815.346485944 115793.563930583 116772.150390427 117751.096665224 118730.393854824 119710.033347168 120690.006806854 121670.306164229 122650.923604984 123631.851560244 124613.082697093 125594.609909547 126576.426309916 127558.525220576 128540.900166082 129523.544865655 130506.453225976 131489.619334312 132473.037451931 133456.702007802 134440.607592564 135424.748952754 136409.120985273 137393.718732093 138378.537375172 139363.572231593 140348.818748891 141334.272500578 142319.929181847 143305.784605453 144291.834697751 145278.075494899 146264.50313921 147251.113875647 148237.904048449 149224.870097902 150212.008557219 151199.316049553 152186.789285112 153174.425058395 154162.22024552 155150.171801667 156138.2767586 157126.532222295 158114.935370642 159103.483451246 160092.173779293 161081.003735505 162069.970764162 163059.072371196 164048.306122354 165037.669641425 166027.16060853 167016.776758471
113631.45748264 114611.054391308 115591.000721276 116571.287660403 117551.906687484 118532.849560455 119514.108305171 120495.675204708 121477.54278918 122459.703826016 123442.151310702 124424.878457938 125407.878693211 126391.145644739 127374.673135786 128358.455177315 129342.485960976 130326.759852395 131311.271384761 132296.015252693 133280.986306372 134266.179545922 135251.590116037 136237.213300827 137223.044518891 138209.079318589 139195.313373513 140181.742478145 141168.362543693 142155.169594095 143142.159762191 144129.329286038 145116.674505384 146104.191858277 147091.877877803 148079.729188965 149067.742505666 150055.914627829 151044.242438607 152032.72290172 153021.353058878 154010.130027308 154999.050997375 155988.113230288 156977.314055897 157966.650870563 158956.121135113 159945.722372871 160935.452167749 161925.308162425 162915.288056569 163905.389605142 164895.610616753 165885.948952075 166876.402522313
113433.849135207 114415.13793501 115396.747994673 116378.671185078 117360.899646616 118343.425778205 119326.242226847 120309.341877672 121292.717844465 122276.363460628 123260.272270566 124244.438021477 125228.854655511 126213.516302295 127198.417271789 128183.552047471 129168.91527982 130154.501780091 131140.306514368 132126.324597867 133112.551289498 134098.981986657 135085.612220237 136072.437649859 137059.4540593 138046.657352114 139034.043547436 140021.608775964 141009.349276094 141997.261390233 142985.34156124 143973.586329031 144961.992327305 145950.556280406 146939.275000316 147928.145383754 148917.164409398 149906.329135211 150895.636695872 151885.084300307 152874.669229306 153864.388833246 154854.240529883 155844.221802238 156834.330196561 157824.56332036 158814.91884052 159805.394481474 160795.988023451 161786.697300787 162777.520200287 163768.454659661 164759.498666001 165750.650254322 166741.907506149
113244.726718858 114227.640213249 115210.847786769 116194.341974145 117178.115558593 118162.16156165 119146.473233495 120131.044043738 121115.867672643 122100.938002767 123086.249110996 124071.79526094 125057.570895693 126043.570630912 127029.789248224 128016.22168892 129002.863047939 129989.708568116 130976.75363469 131963.993770046 132951.424628694 133939.04199246 134926.841765886 135914.81997183 136902.972747247 137891.296339152 138879.787100753 139868.441487739 140857.256054729 141846.227451864 142835.352421537 143824.627795253 144814.050490626 145803.617508483 146793.325930093 147783.1729145 148773.155695964 149763.2715815 150753.517948513 151743.892242526 152734.39197499 153725.014721184 154715.758118192 155706.61986295 156697.597710379 157688.689471574 158679.893012066 159671.206250155 160662.627155284 161654.153746498 162645.784090935 163637.516302385 164629.3485399 165621.279006444 166613.305947601
113064.132816862 114048.602747633 115033.34059196 116018.339527872 117003.59296134 117989.094516915 118974.838028804 119960.817532387 120947.027256138 121933.461613929 122920.115197693 123906.982770434 124894.059259563 125881.339750535 126868.819480786 127856.493833934 128844.358334252 129832.408641386 130820.640545299 131809.049961453 132797.632926191 133786.385592323 134775.304224908 135764.385197204 136753.624986811 137743.020171956 138732.567427949 139722.263523781 140712.105318866 141702.089759912 142692.213877929 143682.474785351 144672.869673279 145663.395808831 146654.050532601 147644.831256218 148635.735460002 149626.760690707 150617.904559361 151609.164739178 152600.538963562 153592.02502418 154583.620769106 155575.324101045 156567.132975615 157559.045399692 158551.059429828 159543.173170711 160535.384773694 161527.692435373 162520.094396216 163512.588939242 164505.174388747 165497.849109076 166490.611503439
112892.108358507 113878.065441451 114864.265321056 115850.701796772 116837.368875985 117824.260765436 118811.37186305 119798.696750167 120786.230184144 121773.967091311 122761.902560257 123750.031835441 124738.350311086 125726.853525369 126715.537154874 127704.397009291 128693.42902637 129682.629267083 130671.993911022 131661.519251985 132651.201693763 133641.037746112 134631.024020901 135621.157228417 136611.43417384 137601.851753862 138592.406953449 139583.096842737 140573.918574064 141564.869379115 142555.946566197 143547.147517612 144538.469687144 145529.91059765 146521.467838739 147513.13906455 148504.921991615 149496.81439681 150488.814115378 151480.919039037 152473.127114157 153465.436340005 154457.844767065 155450.350495408 156442.951673138 157435.646494885 158428.43320036 159421.310072962 160414.275438434 161407.327663574 162400.465154983 163393.686357868 164386.989754883 165380.37386501 166373.837242485
112728.692574823 113716.066537176 114703.659260487 115691.46514244 116679.478769246 117667.694907827 118656.108498383 119644.71464732 120633.50862052 121622.485836936 122611.641862484 123600.972404236 124590.473304869 125580.140537386 126569.970200076 127559.9585117 128550.101806904 129540.39653183 130530.839239937 131521.426587993 132512.155332254 133503.022324807 134494.024510074 135485.158921466 136476.422678181 137467.812982138 138459.327115043 139450.962435578 140442.716376705 141434.586443083 142426.570208597 143418.665313979 144410.86946453 145403.18042794 146395.596032185 147388.114163514 148380.732764519 149373.449832272 150366.263416541 151359.171618079 152352.17258697 153345.264521042 154338.445664348 155331.714305693 156325.068777224 157318.507453072 158312.028748042 159305.631116353 160299.313050424 161293.073079709 162286.909769565 163280.821720169 164274.807565469 165268.86597218 166262.995638804
112573.922955669 113562.642575309 114551.558032818 115540.66429965 116529.956517039 117519.429988924 118509.080175234 119498.9026855 120488.893272771 121479.047827828 122469.362373673 123459.833060282 124450.456159595 125441.228060752 126432.145265546 127423.204384079 128414.402130623 129405.735319667 130397.200862144 131388.795761818 132380.517111844 133372.362091469 134364.32796288 135356.412068195 136348.611826573 137340.924731458 138333.348347933 139325.880310189 140318.5183191 141311.260139898 142304.103599947 143297.046586603 144290.087045166 145283.222976915 146276.452437221 147269.773533733 148263.184424643 149256.68331701 150250.26846516 151243.938169142 152237.690773244 153231.524664568 154225.438271664 155219.430063202 156213.498546713 157207.64226736 158201.85980677 159196.149781894 160190.510843926 161184.941677244 162179.440998404 163174.007555166 164168.640125549 165163.337516927 166158.098565159
112427.835208319 113417.828354661 114407.995558641 115398.332339789 116388.83436938 117379.497464087 118370.317579958 119361.290806687 120352.413362164 121343.681587282 122335.091941005 123326.640995661 124318.325432461 125310.142037226 126302.087696317 127294.15939275 128286.354202484 129278.669290892 130271.101909373 131263.649392133 132256.309153096 133249.078682961 134241.95554638 135234.937379269 136228.021886224 137221.206838054 138214.490069422 139207.869476582 140201.343015206 141194.908698317 142188.56459429 143182.308824949 144176.139563735 145170.05503395 146164.053507073 147158.133301144 148152.292779206 149146.530347823 150140.84445564 151135.233592009 152129.696285668 153124.231103468 154118.836649148 155113.511562163 156108.25451655 157103.064219837 158097.939412001 159092.878864453 160087.881379066 161082.945787245 162078.070949018 163073.255752172 164068.499111414 165063.79996756 166059.15728676
112290.463217626 113281.656894166 114273.004019961 115264.500635731 116256.142916678 117247.927166844 118239.849813758 119231.90740334 120224.096595055 121216.414157306 122208.856963046 123201.421985595 124194.106294668 125186.907052574 126179.821510605 127172.847005588 128165.980956591 129159.220861787 130152.564295454 131146.008905116 132139.552408805 133133.192592448 134126.92730737 135120.754467901 136114.672049098 137108.678084547 138102.770664279 139096.94793276 140091.208086973 141085.549374576 142079.970092144 143074.468583473 144069.043237961 145063.692489058 146058.414812768 147053.20872622 148048.072786294 149043.005588301 150038.005764715 151033.071983957 152028.202949222 153023.397397353 154018.654097764 155013.971851396 156009.349489714 157004.785873751 158000.279893173 158995.830465391 159991.436534703 160987.097071462 161982.811071283 162978.577554271 163974.395564283 164970.264168215 165966.182455309
112161.839007877 113154.159396319 114146.613825141 115139.198828221 116131.911057482 117124.747277941 118117.704362979 119110.779289864 120103.969135483 121097.27107229 122090.682364438 123084.200364111 124077.822508018 125071.546314059 126065.369378145 127059.28937117 128053.304036113 129047.411185284 130041.608697687 131035.894516506 132030.266646702 133024.72315272 134019.26215629 135013.881834332 136008.580416948 137003.356185504 137998.207470787 138993.132651254 139988.130151336 140983.198439835 141978.336028369 142973.541469892 143968.813357274 144964.150321933 145959.551032533 146955.014193722 147950.538544933 148946.122859221 149941.765942157 150937.466630758 151933.22379246 152929.036324134 153924.903151137 154920.823226399 155916.795529551 156912.819066074 157908.892866491 158905.015985586 159901.18750165 160897.406515756 161893.67215106 162889.983552131 163886.339884299 164882.740333033 165879.184103338
112041.992706435 113035.365212342 114028.853575514 115022.454793855 116016.165967778 117009.984295878 118003.907070826 118997.931675465 119992.055579097 120986.276333953 121980.591571832 122974.999000905 123969.496402668 124964.081629041 125958.752599604 126953.507298959 127948.343774217 128943.260132602 129938.254539155 130933.325214557 131928.470433032 132923.688520361 133918.97785197 134914.33685111 135909.763987115 136905.257773732 137900.816767525 138896.439566351 139892.124807894 140887.871168266 141883.677360662 142879.542134076 143875.464272063 144871.442591561 145867.475941756 146863.563202985 147859.703285701 148855.895129465 149852.137701978 150848.429998165 151844.771039275 152841.159872033 153837.595567816 154834.077221861 155830.603952509 156827.174900469 157823.789228116 158820.446118815 159817.144776266 160813.884423878 161810.664304164 162807.483678157 163804.341824849 164801.238040649 165798.17163886
111930.952509254 112925.301809149 113919.750033723 114914.294614745 115908.933071886 116903.663008999 117898.482110586 118893.388138444 119888.378928473 120883.452387643 121878.606491107 122873.839279452 123869.148856086 124864.533384743 125859.991087113 126855.520240574 127851.119176037 128846.786275886 129842.519972012 130838.31874394 131834.181117036 132830.105660795 133826.090987208 134822.135749197 135818.238639122 136814.398387348 137810.61376088 138806.883562052 139803.206627271 140799.581825821 141796.008058706 142792.484257551 143789.009383546 144785.582426428 145782.202403512 146778.868358756 147775.579361868 148772.334507442 149769.132914138 150765.973723885 151762.856101122 152759.779232062 153756.742323993 154753.744604598 155750.785321307 156747.863740666 157744.97914774 158742.13084553 159739.318154417 160736.54041162 161733.796970686 162731.087200982 163728.410487221 164725.766228998 165723.15384034
111828.744648364 112823.994738209 113819.328093896 114814.74254992 115810.236015056 116805.806469206 117801.451960407 118797.170601991 119792.960569881 120788.820100023 121784.74748594 122780.741076411 123776.799273253 124772.920529215 125769.103345966 126765.346272184 127761.647901729 128758.006871898 129754.42186177 130750.891590615 131747.41481638 132743.990334244 133740.616975235 134737.293604907 135734.019122081 136730.792457632 137727.612573334 138724.478460757 139721.389140201 140718.343659688 141715.341093985 142712.380543676 143709.461134268 144706.582015332 145703.742359689 146700.941362614 147698.178241086 148695.45223306 149692.762596769 150690.108610058 151687.489569739 152684.904790972 153682.353606674 154679.835366945 155677.349438522 156674.895204249 157672.472062567 158670.079427028 159667.716725824 160665.38340133 161663.078909672 162660.802720303 163658.554315599 164656.333190468 165654.138851974
111735.39336141 112731.467606376 113727.610753704 114723.821008562 115720.096637805 116716.435967354 117712.837379702 118709.299311548 119705.820251553 120702.398738201 121699.033357764 122695.722742371 123692.465568163 124689.260553544 125686.106457509 126683.002078048 127679.946250636 128676.937846779 129673.975772636 130671.058967703 131668.186403548 132665.357082615 133662.570037077 134659.824327729 135657.119042951 136654.453297695 137651.826232529 138649.237012718 139646.684827344 140644.168888461 141641.688430294 142639.24270846 143636.830999231 144634.452598819 145632.106822701 146629.793004959 147627.510497656 148625.258670235 149623.036908936 150620.844616246 151618.681210363 152616.546124686 153614.438807317 154612.358720593 155610.305340629 156608.278156879 157606.276671714 158604.300400019 159602.348868799 160600.421616808 161598.518194181 162596.63816209 163594.781092405 164592.946567374 165591.134179306
