AgentSeal-Grey/Input/ho_distance_noBay_id_GS_large30.asc
NCOLS 284 
NROWS 185 
XLLCORNER 428292.82952926 
YLLCORNER 6186935 
CELLSIZE 1000 
NODATA_value -9999 
[rows 75 to 99 of 185, columns 110 to 164 of 284]
0 0 0 70890.3578677078 70533.8819126681 70189.8436864531 69858.4269489891 69539.8121571073 69234.1760542023 68941.6912540068 68662.5258202852 68396.8428443875 68144.8000227337 67906.5492364093 67682.2361351589 67471.9997281385 67275.971983855 67094.2774417533 66927.0328379309 66774.3467474449 66636.3192456376 66513.0415908418 66404.5959307303 66311.0550344517 66232.4820525443 66168.9303064446 66120.4431092052 66087.0536188153 66068.7847252747 66065.6489723155 66077.6485143935 66104.7751092933 66147.0101464062 66204.3247104544 66276.6796801545 66364.0258610365 66466.3041513732 66583.4457399237 66715.3723339673 66861.9964158894 67023.2215264003 67198.9425723013 67389.0461565822 67593.4109285253 67811.9079514137 68044.4010853908 68290.7473829951 68550.7974948984 68824.3960834026 69111.3822413038 69411.5899138042 69724.8483212452 70050.9823805432 70389.8131233326 70741.1581089553
0 0 0 71823.2054325876 71471.3823685411 71131.8786250492 70804.871412829 70490.5346471834 70189.0385594808 69900.5493037273 69625.2285599216 69363.2331360055 69114.7145703313 68879.8187366727 68658.6854538842 68451.4481023881 68258.2332497146 68079.160287352 67914.3410811699 67763.8796376654 67627.8717882392 67506.4048936473 67399.5575706812 67307.3994430188 67229.9909180464 67167.3829912937 67119.6170799391 67086.7248866433 67068.7282947477 67065.6392956423 67077.459948866 67104.1823752458 67145.7887831305 67202.2515275142 67273.5332015928 67359.5867600472 67460.3556731125 67575.7741102636 67705.7671521406 67850.2510291481 68009.1333849868 68182.3135632361 68369.6829149731 68571.1251253214 68786.5165567425 69015.726606836 69258.6180783882 69515.0475594067 69784.8658108984 70067.9181601937 70364.0448976757 70673.0816748545 70994.8599018208 71329.2071422197 71675.9475040003
0 73488.3087333941 73117.1469598832 72757.8369566584 72410.5551537219 72075.4754179861 71752.7686977112 71442.6026600779 71145.1413232435 70860.5446843503 70588.9683450702 70330.5631363765 70085.4747443318 69853.8433387662 69635.8032067945 69431.4823931761 69241.0023495648 69064.4775947155 68902.0153877191 68753.7154163177 68619.669502312 68499.9613260113 68394.6661715924 68303.8506951262 68227.5727169053 68165.8810395577 68118.8152932627 68086.4058092081 68068.6735222208 68065.6299033015 68077.2769225659 68103.6070428744 68144.6032441951 68200.23907852 68270.4787549187 68355.277254096 68454.5804716006 68568.3253886324 68696.4402692009 68838.8448822204 68995.4507469654 69166.1614001778 69350.8726830021 69549.473045829 69761.8438690593 69987.8597977501 70227.3890880762 70480.2939635368 70746.4309788493 71025.6513895058 71317.8015250199 71622.7231639558 71940.2539089151 72270.2275597475 72612.4744833573
74793.5549458382 74415.4656002006 74048.9512387121 73694.1845643989 73351.3360319374 73020.5735168433 72702.0619775481 72395.9631115283 72102.4350067616 71821.6317898919 71553.7032725863 71298.7945976637 71057.0458866562 70828.5918905415 70613.5616454474 70412.0781351745 70224.2579624195 70050.2110305955 69890.0402381447 69743.8411872189 69611.7019085622 69493.702604373 69389.9154108403 69300.4041819533 69225.2242960657 69164.4224865583 69118.0366977943 69086.0959673954 69068.6203356827 69065.6207829424 69077.09919497 69103.0483571474 69143.4519770945 69198.2847357309 69267.5123663742 69351.0917613005 69448.971104998 69561.0900331598 69687.3798162902 69827.7635666388 69982.1564670376 70150.4660200875 70332.5923160377 70528.4283176117 70737.8601599667 70960.7674639271 71197.0236606001 71446.4963254782 71709.0475201358 71984.5341396581 72272.8082639808 72573.7175113736 72887.1053923749 73212.8116625614 73550.672672629
75717.9361937191 75344.4856674637 74982.5124916014 74632.1836650361 74293.6639133527 73967.1153738519 73652.6972743514 73350.5656068565 73060.8727973071 72783.7673726965 72519.3936269556 72267.8912870705 72029.395180984 71804.0349088885 71591.934519577 71393.2121935547 71207.9799346425 71036.3432718138 70878.4009730008 70734.2447725853 70603.9591142489 70487.6209108028 70385.2993225401 70297.0555555642 70222.9426814386 70163.0054793773 70117.28030206 70085.7949659998 70068.5686672326 70065.6119229198 70076.9265392806 70102.5056060784 70142.3335177036 70196.3860207011 70264.6302874057 70347.0250151655 70443.5205504583 70554.0590370346 70678.5745870691 70816.9934741543 70969.2343468417 71135.20846132 71314.8199317222 71507.9659964712 71714.5372990094 71934.4181812123 72167.4869877568 72413.6163797015 72672.6736555432 72944.5210780331 73229.0162050681 73526.0122230265 73835.3582809698 74156.8998242085 74490.4789258078
76644.2160990386 76275.3008548288 75917.7659020151 75571.7727634577 75237.4806706751 74915.046263943 74604.6232869468 74306.3622770336 74020.410252202 73746.9103960485 73486.0017419735 73237.8188580179 73002.4915337714 72780.1444708437 72570.8969784404 72374.8626756136 72192.1492017826 72022.8579371228 71867.0837344155 71724.9146639298 71596.4317728651 71481.7088608341 71380.812272792 71293.8007107356 71220.7250653951 71161.6282690266 71116.5451702882 71085.5024320442 71068.5184527909 71065.6033122439 71076.7587414601 71101.9781177025 71141.246484081 71194.5405938355 71261.8289789548 71343.0720426611 71438.2221751273 71547.2238916463 71670.0139923238 71806.5217422374 71956.6690708855 72120.370789642 72297.5348258429 72488.0624720546 72691.848649013 72908.7821806779 73138.7460798177 73381.6178425263 73637.2697500735 73905.569176508 74186.3789004567 74479.5574196078 74784.9592664138 75102.4353236144 75431.8331382461
77572.3266470468 77207.8462366011 76854.6496937769 76512.8932834962 76182.7309675244 75864.3141188841 75557.7912315285 75263.3076262648 74981.0051540007 74711.0218974604 74453.4918725866 74208.5447309125 73976.3054642388 73756.894113004 73550.4254797714 73357.008849284 73176.7477165557 73009.7395244701 72856.0754123463 72715.8399769129 72589.1110470884 72475.9594739183 72376.4489369544 72290.6357682797 72218.5687952939 72160.289203267 72115.8304185541 72085.2180132388 72068.4696318347 72065.5949405346 72076.5955993464 72101.4652573042 72140.1895707848 72192.7462448083 72259.1050970451 72339.2281441012 72433.0697095108 72540.5765527223 72661.6880182389 72796.3362039492 72944.4461475781 73105.9360300889 73280.7173947824 73468.6953807708 73669.7689694423 73883.8312424953 74110.7696500856 74350.4662876203 74602.7981797271 74867.6375699381 75144.8522146536 75434.3056799799 75735.8576400847 76049.3641757621 76374.6780719645
78502.202908174 78142.0598685154 77793.1049615142 77455.4894026994 77129.3620981673 76814.8693725943 76512.1546931417 76221.3583901899 75942.6173759127 75676.0648617699 75421.8300760551 75180.0379826975 74950.8090025609 74734.2587385256 74530.4977056735 74339.6310679164 74161.75838242 73996.9733531782 73845.3635950795 73707.010409784 73581.9885746949 73470.3661462569 73372.2042787564 73287.5570597225 73216.4713629427 73158.9867200136 73115.1352112382 73084.9413765665 73068.4221471539 73065.5867979804 73076.4369218405 73100.9664248719 73139.1615436544 73191.000883765 73256.4554795399 73335.4888746528 73428.057222991 73534.1094091808 73653.5871879971 73786.4253417823 73932.5518548963 74091.8881041336 74264.3490639618 74449.8435253728 74648.2743270801 74859.5385977601 75083.5280079995 75320.1290306022 75569.2232078979 75830.6874247069 76104.3941856325 76390.2118953773 76688.0051408248 76997.6349736645 77318.9591924012
79433.7828725041 79077.8826252616 78733.0755118404 78399.5078977648 78077.3238377841 77766.6648168013 77467.6694872593 77180.4734038718 76905.2087566524 76642.0041032514 76390.9841016682 76152.2692444542 75925.9755955652 75712.2145310576 75511.0924848489 75322.7107007835 75147.16499225 74984.5455105982 74834.9365235883 74698.4162050843 74575.0564371662 74464.922625791 74368.0735310763 74284.561113209 74214.4303949077 74157.7193412737 74114.4587577731 74084.6722069833 74068.3759446276 74065.5788752995 74076.2825281596 74100.4810527587 74138.1612350129 74189.3025332311 74253.8771339639 74331.8500273223 74423.1791012911 74527.8152544496 74645.7025264006 74776.7782451103 74920.9731902685 75078.2117716948 75248.412221747 75431.4868006225 75627.3420133949 75835.8788375893 76056.9929600694 76290.5750219945 76536.5108705975 76794.6818165399 77064.9648956134 77347.2331335818 77641.3558129891 77947.1987407995 78264.6245157811
80367.007294263 80015.2580480413 79674.5077145329 79344.897999882 79026.5683025032 78719.655466273 78424.2935306863 78140.6134788163 77868.7429839745 77608.8061560208 77360.92328832 77125.2106063889 76901.7800193101 76690.7388750225 76492.1897206205 76306.2300688084 76132.9521716611 75972.4428028411 75824.783049406 75690.0481143195 75568.3071307445 75459.6229891526 75364.0521782339 75281.6446405237 75212.4436435927 75156.4856675665 75113.8003096478 75084.4102062217 75068.3309730188 75065.5711637046 75076.1322471511 75100.0086035298 75137.1875392523 75187.6493206649 75251.367226289 75328.3076172851 75418.4300257095 75521.6872600273 75638.0255272432 75767.3845709248 75909.6978243026 76064.8925775581 76232.8901583429 76413.6061245148 76606.9504680287 76812.8278288824 77031.1377179907 77261.7747478439 77504.6288697978 77759.585616846 78026.5263507362 78305.3285123091 78595.8658739706 78898.0087932369 79211.6244663383
81301.8195456665 80954.1322014796 80617.3503630153 80291.6112592821 79977.0498184961 79673.7984329147 79381.9867210896 79101.7412883292 78833.1854862169 78576.439172075 78331.6184693086 78098.8355296021 77878.1982979727 77669.8102817104 77473.7703242549 77290.1723850706 77119.105326582 76960.6527092317 76814.8925957036 76681.8973653365 76561.7335397163 76454.4616203989 76360.1359396614 76278.8045251241 76210.5089790155 76155.2843727809 76113.1591576493 76084.1550916889 76068.2871837843 76065.5636548708 76075.9859166592 76099.5485679793 76136.2394087649 76186.039471594 76248.9230705969 76324.8578674361 76413.8049539666 76515.7189510846 76630.5481231858 76758.2345075654 76898.7140580187 77051.9168018256 77217.7670092445 77396.1833745856 77587.0792078875 77790.3626361873 78005.936813348 78233.7001373869 78473.5464742424 78725.3653869171 78989.0423689396 79264.459081108 79551.4935904988 79850.0206107531 80159.9117426922
82238.1654795152 81894.4535392638 81561.5545435051 81239.6014183457 80928.7247994815 80629.0528080835 80340.7108245082 80063.8212605779 79798.5033312297 79544.8728263664 79303.0418837848 79073.1187640898 78855.2076285287 78649.4083207044 78455.8161531407 78274.5216996816 78105.6105947098 77949.1633401601 77805.255121293 77673.955632168 77555.3289117294 77449.4331913736 77356.3207548263 77276.037811097 77208.6243812219 77154.1141994329 77112.5346293172 77083.9065954507 77068.2445309006 77065.556340905 77075.8433829415 77099.1004633014 77135.3158501913 77184.4713032828 77246.5421195396 77321.4971950513 77409.2991025164 77509.9041839259 77623.2626579164 77749.3187411852 77888.0107832838 78039.271414048 78203.0277028579 78379.2013288761 78567.7087613671 78768.4614491709 78981.366018372 79206.3244771942 79443.2344271373 79691.9892793724 79952.4784754177 80224.5877111291 80508.1991630615 80803.1917162787 81109.4411927256
83175.9932999668 82836.1727779274 82507.0735122339 82188.8242926718 81881.5516320386 81585.3795525199 81300.4293702514 81026.8194787736 80764.665132125 80514.0782283621 80275.1670943221 80048.0362724773 79832.7863107531 79629.513556199 79438.3099534186 79259.262848666 79092.4548005209 78937.9633980442 78795.8610873026 78666.21500713 78549.0868349628 78444.5326435504 78352.602769299 78273.341692955 78206.7879332773 78152.9739542849 78111.9260865948 78083.6644632933 78068.2029707018 78065.5492143186 78075.7045001307 78098.6638314014 78134.4159209549 78182.9432188843 78244.2219555272 78318.2221994622 78404.9079301981 78504.2371251474 78616.1618603954 78740.628424711 78877.5774461724 79026.9440307257 79188.6579119382 79362.6436111631 79548.8206072913 79747.1035152345 79957.4022722603 80179.6223312792 80413.6648601784 80659.4269462882 80916.8018050771 81185.678992176 81465.9446178535 81757.481563082 82060.1696963649
84115.2534409552 83779.2427782362 83453.8625801896 83139.2376595533 82835.490568175 82542.7413933456 82261.1075526414 81990.703587942 81731.6409593267 81484.0278395883 81247.9689101292 81023.5651590316 80810.9136821158 80610.1074878137 80421.2353066987 80244.381406513 80079.6254135373 79927.0421411362 79786.7014262996 79658.6679749794 79543.0012169929 79439.7551712305 79348.9783218635 79270.7135062003 79204.9978147882 79151.8625042969 79111.3329236567 79083.428453856 79068.162461731 79065.542268002 79075.5691297364 79098.2382373353 79133.5387260596 79181.4537020336 79241.9602825789 79315.0296506553 79400.6271231081 79498.712232346 79609.2388210055 79732.1551490891 79867.4040130073 80014.9228758952 80174.6440085266 80346.4946401054 80530.3971181752 80726.2690768595 80934.0236126195 81153.5694667004 81384.8112134266 81627.6494535008 81881.9810114663 82147.6991364983 82424.6937057043 82712.8514291321 83012.0560557092
85055.8984517601 84723.6184336732 84401.8790048727 84090.8011533466 83790.5036246364 83501.1027276211 83222.7121390984 82955.442707792 82699.4022584461 82454.6953967014 82221.4233154676 81999.683603535 81789.5700571801 81591.1724955395 81404.5765805302 81229.8636420986 81067.1105095799 80916.3893499393 80777.7675136512 80651.3073889568 80537.0662652081 80435.0962059787 80345.4439325813 80268.1507185888 80203.2522959051 80150.7787728798 80110.7545649 80083.1983378297 80068.1229646024 80065.5354952005 80075.4371401851 80097.8232678657 80132.6834151257 80180.0013118439 80239.7549187796 80311.9164787164 80396.4525805887 80493.3242362456 80602.4869694471 80723.8909166203 80857.4809388527 81003.1967445449 81160.9730220995 81330.7395819839 81512.4215074672 81705.9393133053 81911.2091116231 82128.1427842282 82356.6481605771 82596.6292006133 82847.9861816938 83110.61588883 83384.4118074786 83669.2643181335 83965.0608919937
85997.8828892672 85669.2565655536 85351.0818885921 85043.4761672621 84746.5544884876 84460.4295319928 84185.2113841098 83921.0073512334 83667.9217735464 83426.0558396644 83195.507402872 82976.370799643 82768.7366711512 82572.6917884895 82388.3188823234 82215.6964777039 82054.8987347644 81905.9952960158 81769.0511409389 81644.1264485572 81531.2764686444 81430.5514021921 81341.9962917285 81265.6509220352 81201.5497317668 81149.7217364245 81110.1904630833 81082.9738972133 81068.0844418732 81065.5288894929 81075.3084063929 81097.4185301249 81131.8491796456 81178.5846782714 81237.6037892909 81308.8797640475 81392.3804022394 81488.0681241209 81595.90005423 81715.8281162126 81847.7991382598 81991.7549686275 82147.6326006658 82315.3643067471 82494.8777804477 82686.0962863136 82888.9388165155 83103.3202536852 83329.1515392128 83566.3398462779 83814.7887568902 84074.3984422169 84345.0658454848 84626.6848667587 84919.1465489156
86941.1632164887 86616.1158243352 86301.4320828639 85997.2257611354 85703.6084285265 85420.6892780006 85148.5749486581 84887.3693481295 84637.173475396 84398.0852446476 84170.1993108091 83953.6068973802 83748.3956272499 83554.6493571536 83372.4480164485 83201.8674508807 83042.9792720158 82895.8507129939 82760.5444912579 82637.1186788843 82525.6265811204 82426.1166237076 82338.6322495314 82263.211825105 82199.8885573491 82148.6904210842 82109.6400976015 82082.7549246257 82068.0468579257 82065.522444771 82075.1828093714 82097.0236503751 82131.0352504385 82177.2024978174 82235.5049198691 82305.9167282907 82388.4068758636 82482.9391244115 82589.4721236302 82707.9595003915 82838.3499580776 82980.5873854569 83134.6109745752 83300.3553470961 83477.7506884979 83666.7228895068 83867.193694126 84079.0808536022 84302.2982856641 84536.7562383583 84782.3614578064 85039.0173592137 85306.6242004639 85585.0792576468 85874.2770018835
87885.6977069428 87564.1565967185 87252.8920985039 86952.0145747738 86661.6322121284 86381.8508526457 86112.7738247192 85854.5017739068 85607.1324943447 85370.7607612982 85145.4781654394 84931.3729494575 84728.5298476161 84537.0299288831 84356.9504442604 84188.3646789384 84031.3418099012 83885.9467695928 83752.240116247 83630.2779114598 83520.1116055679 83421.7879313615 83335.3488066353 83260.8312460432 83198.2672826821 83147.6838997884 83109.1029728853 83082.541222667 83068.010178857 83065.5161552206 83075.0602358598 83096.6382728582 83130.2408952889 83175.8535295388 83233.4564308476 83303.0247259025 83384.5284662739 83477.932692427 83583.1975079913 83700.2781639249 83829.1251521625 83969.6843082993 84121.8969228225 84285.6998603707 84461.0256864727 84647.8028011922 84845.9555790849 85055.4045148606 85276.0663741304 85507.854348613 85750.6782151729 86004.4444980644 86269.0566337616 86544.4151377643 86830.417772784
88831.4463545209 88513.3409181613 88205.42602104 87907.8087465026 87620.5940271475 87343.8844838534 87077.7802644696 86822.3788826692 86577.7750574839 86344.0605540578 86121.3240261744 85909.6508611218 85709.1230274722 85519.818926357 85341.8132468218 85175.1768258448 85019.9765135962 84876.275044508 84744.1309147099 84623.5982663702 84514.7267794585 84417.5615714233 84332.1431052453 84258.5071062981 84196.6844884085 84146.701289469 84108.5786169143 84082.332603325 84067.9743723773 84065.5100153042 84074.9405779851 84096.262058728 84129.4654167538 84174.5365913427 84231.4565315465 84300.2012363217 84380.7418048861 84473.0444970546 84577.0708032614 84692.777523933 84820.1168578358 84959.0364989825 85109.4797416479 85271.3855930141 85444.6888929383 85629.3204403114 85825.2071254596 86032.2720680244 86250.4347597453 86479.611211566 86719.7141044764 86970.6529435111 87232.334214322 87504.6615417584 87787.5358498928
89778.3707884929 89463.632390456 89158.9994310903 88864.5758365598 88580.4634085316 88306.76167049 88043.5677138725 87790.9760444988 87549.0784297829 87317.9637472313 87097.7178347477 86888.4233432731 86690.1595922995 86503.0024287995 86327.0240901156 86162.2930713542 86008.8739978175 85866.8275030059 85736.2101127026 85617.0741356419 85509.4675612386 85413.4339648339 85329.0124208851 85256.2374244963 85195.1388216523 85145.7417484816 85108.0665798351 85082.1288874236 85067.9394077151 85065.5040197447 85074.8237329454 85095.8946850566 85128.7081501227 85173.2505565409 85229.5035150728 85297.443856685 85377.0436800364 85468.2704083882 85571.0868556657 85685.4513013639 85811.3175739478 85948.6351423654 86097.3492152573 86257.40084742 86428.7270530523 86611.260925295 86804.931761554 87009.6651940839 87225.3833252975 87452.004867262 87689.4452848353 87937.6169419018 88196.4292501639 88465.7888199596 88745.5996125792
90726.4341933272 90414.9961040459 90113.5793293839 89822.2847550188 89541.2111693281 89270.4551166215 89010.1107503369 88760.269686644 88521.020858914 88292.4503735331 88074.6413675431 87867.6738686068 87671.6246578011 87486.5671357431 87312.5711925574 87149.7030821903 86998.025301569 86857.596475098 86728.4712449694 86610.7001677507 86504.3296176933 86409.4016971825 86325.9541547243 86254.0203108359 86193.6289921744 86144.8044742057 86107.5664326756 86081.9299041103 86067.9052555288 86065.4981635104 86074.7096027151 86095.5358439115 86127.9684615211 86171.9943506432 86227.5957534814 86294.7502950459 86373.4310279663 86463.6064862053 86565.2407474264 86678.293503728 86802.7201404249 86938.471822522 87085.4955884961 87243.7344509764 87413.1275038882 87593.6100356044 87785.1136476342 87987.5663783615 88200.8928313375 88425.0143076246 88659.8489416835 88905.3118402981 89161.3152240318 89427.7685707168 89704.5787604858
91675.6012330223 91367.3985647761 91069.1340661212 90780.9056939381 90502.8093357891 90234.9386697233 89977.3850241673 89730.2372383232 89493.5815235053 89267.5013258622 89052.0771909411 88847.3866305579 88653.5039924445 88470.5003331443 88298.4432946324 88137.3969851273 87987.4218645622 87848.5746351696 87720.9081376241 87604.4712531729 87499.3088121645 87405.4615093648 87322.9658264283 87251.853961862 87192.1537687916 87143.8887008098 87107.0777661474 87081.735490378 87067.8718878249 87065.4924418004 87074.5980937709 87095.1852414945 87127.2457461429 87170.7669483714 87225.731693267 87292.1183640558 87369.9009244193 87459.0489692254 87559.5277834451 87671.2984089913 87794.3177191834 87928.5385005087 88073.9095413277 88230.3757271411 88397.8781420177 88576.3541757592 88765.7376363653 88965.9588673475 89176.9448694285 89398.6194261612 89630.9032329929 89873.7140293014 90126.9667329328 90390.5735767712 90664.4442468833
92625.8379796703 92320.8076247963 92025.6332743935 91740.4100634594 91465.2310862997 91200.1872625749 90945.3672035428 90700.857078893 90466.7404845797 90243.0983120748 90030.0086194671 89827.5465048436 89635.7839823938 89454.7898616775 89284.6296304991 89125.3653418258 88977.0555051832 88839.7549829521 88713.5148919796 88598.3825109014 88494.4011935587 88401.6102888689 88320.0450674906 88249.7366555962 88190.7119760386 88142.9936971687 88106.6001895298 88081.54549062 88067.839277881 88065.4868500323 88074.4891168364 88094.8425973408 88126.5394266039 88169.5673708751 88223.9098511611 88289.5459750719 88366.4505768046 88454.5942650882 88553.9434788756 88664.4605505408 88786.1037763057 88918.8274935935 89062.5821649809 89217.314468395 89382.9673931841 89559.4803416675 89746.7892357607 89944.8266282534 90153.5218183133 90372.8009707766 90602.5872387877 90842.8008893421 91093.3594312954 91354.1777453976 91625.1682159231
93577.1118459857 93275.1924173552 92983.0478073996 92700.7704315972 92428.4506938757 92166.1768585891 91914.0349227867 91672.108489146 91440.4786399562 91219.223812543 91008.4196765405 90808.1390134158 90618.4515986582 90439.4240870478 90271.1199014137 90113.5991252925 89966.9183998899 89831.1308257386 89706.2858694389 89592.429275849 89489.6029860817 89397.8450616403 89317.1896150095 89247.6667469917 89189.3024910533 89142.1187649201 89106.1333296291 89081.3597562148 89067.8074001751 89065.4813838291 89074.3825866434 89094.5076435705 89125.8489514056 89168.3946831347 89222.1288102106 89287.0311326585 89363.077316881 89450.2389409965 89548.4835475168 89657.7747031366 89778.072065382 89909.3314558364 90051.5049396398 90204.5409109347 90368.3841839114 90542.97608909 90728.2545744601 90924.1543110881 91130.6068027921 91347.5404994771 91574.8809137207 91812.5507401937 92060.4699775054 92318.5560520619 92586.7239435342
94529.3915215586 94230.5232952393 93941.3496792183 93661.9604674795 93392.4434719973 93132.8844003487 92883.3667337013 92643.9716055274 92414.7776814092 92195.8610403027 91987.29505764 91789.1502906517 91601.494366295 91424.3918721743 91257.9042508396 91102.0896978435 90957.0030639337 90822.6957617476 90699.2156773667 90586.6070870744 90484.910579646 90394.1629844817 90314.3973058757 90245.6426636881 90187.9242406688 90141.2632366505 90105.6768298072 90081.1781451384 90067.7762303183 90065.4760390085 90074.27842171 90094.1801241914 90125.173793501 90167.2479915367 90220.3872161154 90284.5719294516 90359.7785939233 90445.9797149733 90543.1438909644 90651.2358697796 90770.2166119313 90900.0433599206 91040.6697135625 91192.0457109746 91354.1179149085 91526.8295040833 91710.1203691722 91903.9272130771 92108.1836551188 92322.8203387635 92547.7650425019 92782.9427934933 93028.275983591 93283.6844873619 93549.0857817232
