AgentSeal-Grey/Input/ho_distance_noBay_id_GS_large82.asc
NCOLS 284 
NROWS 185 
XLLCORNER 428292.82952926 
YLLCORNER 6186935 
CELLSIZE 1000 
NODATA_value -9999 
[rows 25 to 49 of 185, columns 110 to 164 of 284]
0 0 0 0 0 0 0 0 0 0 0 0 0 0 0 0 0 0 0 0 154140.131252639 154637.530120082 155139.780136166 155646.834339013 156158.645930396 156675.168287362 157196.354973428 157722.159749321 158252.536583301 158787.439661037 159326.823395077 159870.642433889 160418.851670503 160971.406250742 161528.261581062 162089.373336004 162654.697465266 163224.190200398 163797.80806114 164375.507861398 164957.246714872 165542.982040344 166132.671566637 166726.273337248 167323.745714663 167925.047384372 168530.137358581 169138.974979633 169751.519923149 170367.732200901 170987.572163407 171611.000502284 172237.978252339 172868.466793432 173502.427852092
0 0 0 0 0 0 0 0 0 0 0 0 0 0 0 0 0 0 0 152776.714205805 153272.013305041 153772.220253332 154277.287313129 154787.166909135 155301.811640479 155821.174292435 156345.207847672 156873.865497062 157407.100650031 157944.866944473 158487.118256235 159033.808708163 159584.892678734 160140.324810278 160700.06001679 161264.053491342 161832.260713113 162404.637454032 162981.13978505 163561.72408205 164146.347031395 164734.965635137 165327.53721588 165924.01942132 166524.37022846 167128.547947512 167736.5112255 168348.219049566 168963.630749991 169582.706002935 170205.404832915 170831.687615017 171461.515076863 172094.848300325 172731.648723013
0 0 0 0 0 0 0 0 0 0 0 0 0 0 0 0 0 0 0 151907.38758705 152405.511916665 152908.553461339 153416.463851497 153929.194890886 154446.698568842 154968.927072085 155495.832796033 156027.368355652 156563.48659585 157104.140601409 157649.283706479 158198.869503623 158752.851852441 159311.184887758 159873.823027411 160440.720979615 161011.833749936 161587.11664788 162166.525293089 162750.015621175 163337.543889184 163929.066680713 164524.540910674 165123.923829731 165727.1730284 166334.246440845 166945.102348354 167559.699382521 168177.996528141 168799.953125816 169425.5288743 170054.683832569 170687.378421644 171323.573426169 171963.229995748
0 0 0 0 0 0 0 0 0 0 0 0 0 0 0 0 0 0 0 151039.678242249 151540.654817711 152046.557743473 152557.338010001 153072.946792555 153593.335463538 154118.455604361 154648.259016815 155182.697733963 155721.724030557 156265.290432992 156813.349728797 157365.854975673 157922.759510094 158484.016955469 159049.581229879 159619.406553397 160193.447454998 160771.658779076 161353.995691567 161940.413685691 162530.868587328 163125.316560029 163723.71410968 164326.018088818 164932.185700624 165542.174502583 166155.942409841 166773.44769825 167394.649007127 168019.505341725 168647.976075423 169280.020951661 169915.600085611 170554.673965599 171197.203454292
0 0 0 0 0 0 0 0 0 0 0 0 0 0 0 0 0 0 149674.743174871 150173.614205433 150677.470321813 151186.261682863 151699.93863116 152218.451705949 152741.75165558 153269.789449432 153802.516289337 154339.883620503 154881.843141954 155428.346816491 155979.346880175 156534.795851352 157094.646539222 157658.852051959 158227.365804402 158800.14152531 159377.133264208 159958.295397818 160543.582636099 161132.950027897 161726.35296621 162323.747193101 162925.088804236 163530.334253088 164139.440354795 164752.364289693 165369.063606535 165989.496225396 166613.620440285 167241.394921466 167872.778717505 168507.73125704 169146.212350302 169788.182190375 170433.601354224
0 0 0 0 0 0 0 0 0 0 0 0 0 0 0 0 0 0 148807.455271783 149309.224107294 149815.987339739 150327.694459934 150844.295154632 151365.739319558 151891.977071914 152422.958762364 152958.634986495 153498.956595771 154043.874707983 154593.34071721 155147.306303287 155705.723440805 156268.544407641 156835.721793033 157407.208505202 157982.957778548 158562.923180411 159147.058617417 159735.318341418 160327.656955039 160924.029416837 161524.391046088 162128.697527206 162736.904913811 163348.969632457 163964.848486021 164584.498656776 165207.877709148 165834.943592173 166465.654641664 167099.969582093 167737.847528204 168379.247986364 169024.130855662 169672.456428763
0 0 0 0 0 0 0 0 0 0 0 0 0 0 0 0 0 0 147941.842439736 148446.537189394 148956.235393423 149470.885866242 149990.437630863 150514.839932002 151044.042248659 151577.994306144 152116.646087573 152659.947844844 153207.850109088 153760.303700622 154317.259738391 154878.669648937 155444.485174878 156014.658382927 156589.141671445 157167.887777556 157750.849783819 158337.981124478 158929.235591297 159524.567338992 160123.930890267 160727.281140476 161334.573361906 161945.763207707 162560.806715473 163179.66031048 163802.280808609 164428.625418936 165058.651746036 165692.317791978 166329.58195804 166970.403046153 167614.740260078 168262.553206327 168913.801894843
0 0 0 0 0 0 0 0 0 0 0 0 0 0 0 0 0 146575.349514866 147077.934254135 147585.583318704 148098.244630315 148615.866318638 149138.396735039 149665.784465777 150197.978344633 150734.927464982 151276.581191313 151822.889170212 152373.801340811 152929.267944718 153489.239535434 154053.666987269 154622.501503769 155195.694625661 155773.198238336 156354.964578866 156940.946242582 157531.096189215 158125.367748613 158723.714626053 159326.090907143 159932.451062346 160542.749951121 161156.942825702 161774.985334523 162396.833525299 163022.443847779 163651.773156177 164284.778711295 164921.418182351 165561.649648511 166205.431600158 166852.722939883 167503.482983226 168157.671459171
0 0 0 0 0 0 0 0 0 0 0 0 0 0 0 0 0 145710.202406713 146215.760930427 146726.393002494 147242.045838071 147762.666873738 148288.203781345 148818.604481282 149353.817155153 149893.79025788 150438.472529243 150987.813004859 151541.761026619 152100.266252586 152663.278666371 153230.748585995 153802.626672248 154378.863936555 154959.411748367 155544.221842081 156133.246323507 156726.437675893 157323.748765512 157925.132846842 158530.543567324 159139.93497174 159753.2615062 160370.478021757 160991.53977767 161616.402444318 162245.022105771 162877.355262052 163513.358831073 164152.99015028 164796.206978002 165442.967494526 166093.230302904 166746.954429494 167404.099324271
0 0 0 0 0 0 0 0 0 0 0 0 0 0 0 0 0 144846.791767734 145355.353339544 145868.997403568 146387.670459574 146911.31924273 147439.89073754 147973.332191163 148511.59112613 149054.615352472 149602.352979263 150154.752425591 150711.762430969 151273.332065197 151839.41073768 152409.948206226 152984.894585325 153564.200353928 154147.816362737 154735.693841009 155327.784402911 155924.040053404 156524.413193706 157128.856626314 157737.323559616 158349.767612111 158966.142816224 159586.403621758 160210.504898977 160838.401941339 161470.050467888 162105.406625321 162744.426989742 163387.068568102 164033.288799366 164683.045555378 165336.297141473 165993.002296819 166653.120194524
0 0 0 0 0 0 0 0 0 0 0 0 0 0 0 0 0 143985.148836278 144496.743023722 145013.428355867 145535.150608301 146061.855806502 146593.490239839 147130.000474942 147671.333368446 148217.436079138 148768.256079487 149323.741166602 149883.839472603 150448.499474429 151017.670003102 151591.300252437 152169.339787235 152751.738550962 153338.446872922 153929.415474946 154524.595477604 155123.938405958 155727.39619487 156334.921193867 156946.466171593 157561.984319853 158181.429257256 158804.755032482 159431.916127183 160062.86745852 160697.564381363 161335.96269016 161978.018620488 162623.688850296 163272.930500853 163925.70113742 164581.958769646 165241.661851701 165904.769282171
0 0 0 0 0 0 0 0 0 0 0 0 0 0 0 0 0 143125.305538207 143639.962212692 144159.718380421 144684.519084043 145214.309631108 145749.035608123 146288.642893959 146833.077672624 147382.286445398 147936.21604236 148494.813633306 149058.026738076 149625.803236298 150198.091376575 150774.839785106 151355.99747378 151941.513847735 152531.33871241 153125.422280099 153723.715176017 154326.168443902 154932.733551158 155543.362393554 156158.007299501 156776.621033908 157399.156801643 158025.568250605 158655.809474426 159289.835014805 159927.599863508 160569.059464022 161214.169712899 161862.886960779 162515.168013131 163170.970130703 163830.251029697 164492.968881688 165159.082313297
0 0 0 0 0 0 0 0 0 0 0 0 0 0 0 0 0 142267.294503709 142785.043840256 143307.900701679 143835.809388972 144368.714483572 144906.560861466 145449.293706626 145996.858523787 146549.201150581 147106.267769024 147668.004916401 148234.359495526 148805.278784415 149380.710445378 149960.602533547 150544.903504845 151133.562223424 151726.527968579 152323.750441153 152925.179769445 153530.766514649 154140.461675817 154754.216694385 155371.983458251 155993.714305448 156619.362027395 157248.879871771 157882.221545002 158519.341214389 159160.193509879 159804.733525515 160452.916820541 161104.699420215 161760.037816317 162418.88896737 163081.210298591 163746.959701583 164416.095533772
0 0 0 0 0 0 0 0 0 0 0 0 0 0 0 0 0 0 0 142458.009264212 142989.05574407 143525.104848034 144066.100733996 144611.98788398 145162.711116922 145718.215600773 146278.446863958 146843.350806192 147412.873708672 147986.962243663 148565.563483487 149148.624908929 149736.094417088 150327.920328665 150924.051394733 151524.436802974 152129.026183424 152737.769613726 153350.617623908 153967.521200715 154588.431791487 155213.301307619 155842.082127608 156474.727099704 157111.189544174 157751.423255208 158395.382502465 159043.022032282 159694.297068553 160349.163313308 161007.576946976 161669.494628377 162334.873494432 163003.671159615 163675.845715153
0 0 0 0 0 0 0 0 0 0 0 0 0 0 0 0 0 0 0 141610.078749792 142144.293105917 142683.515942239 143227.690691073 143776.76112556 144330.671372425 144889.36592405 145452.789649879 146020.887807157 146593.606051045 147170.890444094 147752.687465122 148338.944017491 148929.607436812 149524.625498081 150123.946422281 150727.518882447 151335.292009224 151947.215395925 152563.239103115 153183.313662724 153807.390081722 154435.41984535 155067.354919945 155703.147755358 156342.751286989 156986.118937452 157633.204617879 158283.96272889 158938.348161227 159596.316296078 160257.823005107 160922.824650187 161591.278082864 162263.140643561 162938.370160532
0 0 0 0 0 0 0 0 0 0 0 0 0 0 0 0 0 0 0 140764.144594858 141301.55718385 141843.983734381 142391.366945815 142943.649875594 143500.775951961 144062.688985987 144629.333182905 145200.653152768 145776.593920454 146357.100935033 146942.120078506 147531.597673937 148125.480493003 148723.715762959 149326.251173061 149933.034880438 150544.015515453 151159.142186556 151778.364484646 152401.632486967 153028.89676055 153660.108365215 154295.218856153 154934.180286103 155576.945207139 156223.466672084 156873.698235562 157527.593954713 158185.108389568 158846.196603122 159510.814161098 160178.917131422 160850.462083431 161525.406086819 162203.706710329
0 0 0 0 0 0 0 0 0 0 0 0 0 0 0 0 0 0 139384.679016252 139920.243008373 140460.884457491 141006.544960293 141557.166475943 142112.691339501 142673.06227461 143238.222405451 143808.115267991 144382.68482055 144961.875453682 145545.631999409 146133.899739814 146726.624415014 147323.752230531 147925.229864082 148531.004471794 149141.02369388 149755.235659783 150373.5889928 150996.032814224 151622.516746994 152252.990918902 152887.405965337 153525.713031623 154167.863774934 154813.810365824 155463.505489371 156116.902345974 156773.954651788 157434.616638842 158098.843054836 158766.589162633 159437.810739469 160112.464075891 160790.505974426 161471.893748016
0 0 0 0 0 0 0 0 0 0 0 0 0 0 0 0 0 0 138539.592696325 139078.410990068 139622.312194652 140171.237141003 140725.127040972 141283.923500716 141847.56853332 142416.004570671 142989.174474615 143567.021547396 144149.489541409 144736.522668287 145328.065607321 145924.063513269 146524.462023523 147129.207264708 147738.245858681 148351.524927985 148968.992100763 149590.595515145 150216.28382314 150846.006194041 151479.712317363 152117.352405338 152758.877194971 153404.237949695 154053.38646062 154706.275047406 155362.856558774 156023.084372668 156686.912396088 157354.295064602 158025.187341564 158699.544717037 159377.32320645 160058.479348993 160742.970205762
0 0 0 0 0 0 0 0 0 0 0 0 0 0 0 0 0 137159.626295077 137696.58218149 138238.68634909 138785.878469608 139338.098600631 139895.28719974 140457.385137829 141024.33371165 141596.074655597 142172.550152735 142753.702845111 143339.475843359 143929.812735609 144524.65759574 145123.954990982 145727.649988885 146335.688163693 146948.015602117 147564.578908553 148185.325209742 148810.20215891 149439.15793939 150072.141267767 150709.101396535 151349.988116318 151994.751757645 152643.343192314 153295.713834357 153951.815640621 154611.601110985 155275.023288231 155942.035757583 156612.592645923 157286.648620715 157964.158888638 158645.079193946 159329.365816575 160016.975570001
0 0 0 0 0 0 0 0 0 0 0 0 0 0 0 0 0 136315.41763647 136855.685831695 137401.107723054 137951.622181766 138507.168484665 139067.686328269 139633.115842039 140203.397600824 140778.472636527 141358.282449002 141942.769016214 142531.874803669 143125.542773145 143723.71639074 144326.339634262 144933.356999978 145544.713508741 146160.354711529 146780.226694397 147404.276082877 148032.450045845 148664.696298866 149300.96310705 149941.199287424 150585.354210858 151233.37780354 151885.22054804 152540.833483973 153200.168208275 153863.176875113 154529.812195449 155200.027436271 155873.776419505 156551.01352063 157231.693667005 157915.77233593 158603.205552447 159293.949886901
0 0 0 0 0 0 0 0 0 0 0 0 0 0 0 0 134934.93775278 135473.329793746 136016.9428581 136565.714597487 137119.583074704 137678.486778579 138242.364637971 138811.156034939 139384.800817072 139963.239309018 140546.412323232 141134.26116996 141726.727666481 142323.754145636 142925.283463654 143531.259007313 144141.624700442 144756.325009795 145375.304950325 145998.510089859 146625.886553218 147257.381025793 147892.940756596 148532.513560811 149176.047821864 149823.492493032 150474.797098611 151129.911734662 151788.787069352 152451.374342915 153117.625367239 153787.49252511 154460.92876912 155137.887620264 155818.323166232 156502.19005942 157189.443514676 157880.039306785 158573.933767724
0 0 0 0 0 0 0 0 0 0 0 0 0 0 0 0 134091.638167138 134633.402561939 135180.393343353 135732.547325696 136289.8017556 136852.094326829 137419.363194194 137991.546986605 138568.584819269 139150.416305067 139736.981565124 140328.221238603 140924.076491737 141524.489026131 142129.401086355 142738.755466847 143352.495518156 143970.565152539 144592.908848947 145219.471657414 145850.199202871 146485.037688412 147123.933898037 147766.835198879 148413.68954295 149064.445468427 149719.052100486 150377.459151718 151039.616922135 151705.476298793 152374.988755052 153048.106349477 153724.781724416 154404.968104261 155088.61929341 155775.68967395 156466.134203071 157159.90841023 157856.968394083
0 0 0 0 0 0 0 0 0 0 0 0 0 0 0 0 133250.50628927 133795.676631964 134346.078262314 134901.647149033 135462.319715044 136028.0328522 136598.7239351 137174.330834002 137754.791926868 138340.046110565 138930.032811239 139524.691993892 140123.96417119 140727.790411515 141336.1123463 141948.872176655 142566.01267933 143187.477212016 143813.209718023 144443.154730359 145077.257375224 145715.463374947 146357.719050394 147003.971322861 147654.16771548 148308.256354155 148966.185968052 149627.905889666 150293.366054478 150962.517000227 151635.309865817 152311.696389873 152991.628908968 153675.060355537 154361.944255494 155052.234725575 155745.886470408 156442.854779347 157143.095523063
0 0 0 0 0 0 0 0 0 0 0 0 0 0 0 131868.274301623 132411.583429648 132960.193612243 133514.039503206 134073.056217579 134637.179347239 135206.34497552 135780.48969089 136359.550599715 136943.465338127 137532.17208302 138125.609562209 138723.717063775 139326.434444612 139933.702138218 140545.461161739 141161.653122314 141782.220222717 142407.105266351 143036.251661598 143669.603425563 144307.105187226 144948.702190035 145594.340293962 146243.965977037 146897.526336393 147554.969088844 148216.242571009 148881.29573901 149550.078167767 150222.5400499 150898.632194272 151578.306024183 152261.513575228 152948.207492856 153638.341029628 154331.868042199 155028.742988045 155728.92092194 156432.357492209
0 0 0 0 0 0 0 0 0 0 0 0 0 0 130486.727709103 131028.133495399 131574.911842443 132126.996050789 132684.319889216 133246.817611237 133814.42397059 134387.074235729 134964.70420335 135547.250210974 136134.649148609 136726.838469531 137323.7562002 137925.340949335 138531.531916199 139142.268898087 139757.492297071 140377.143126025 141001.163013938 141629.494210569 142262.079590452 142898.862656281 143539.787541702 144184.799013542 144833.842473484 145486.863959234 146143.810145182 146804.628342603 147469.26649939 148137.673199381 148809.79766126 149485.589737084 150164.999910439 150847.979294258 151534.479628299 152224.453276331 152917.853223018 153614.633070534 154314.747034927 155018.149942231 155724.797224368
