AgentSeal-Grey/Input/ho_distance_noBay_id_GS_large30.asc
NCOLS 284 
NROWS 185 
XLLCORNER 428292.82952926 
YLLCORNER 6186935 
CELLSIZE 1000 
NODATA_value -9999 
[rows 25 to 49 of 185, columns 220 to 274 of 284]
82865.0008017458 83846.2522533468 84827.941599395 85810.0538110127 86792.5745332365 87775.4900479965 88758.7872394866 89742.4535617507 90726.4770083215 91710.8460837649 92695.5497769906 93680.5775362057 94665.9192453946 95651.5652022177 96637.5060972323 97623.7329943449 98610.2373124092 99597.0108078961 100584.045558561 101571.333948045 102558.868651345 103546.642621102 104534.649074653 105522.881481787 106511.333553185 107499.999229471 108488.872670864 109477.948247368 110467.220529494 111456.684279456 112446.334442831 113436.166140643 114426.174661858 115416.355456255 116406.704127653 117397.216427484 118387.888248672 119378.715619823 120369.694699692 121360.82177192 122352.093240018 123343.505622601 124335.055548832 125326.739754091 126318.555075841 127310.498449683 128302.566905597 129294.757564349 130287.067634061 131279.494406936 132272.035256132 133264.687632763 134257.449063046 135250.317145561 136243.289548636
83064.6637137197 84043.5840319287 85022.9949836535 86002.8798067187 86983.2224863359 87964.0077143256 88945.220850951 89926.8478891759 90908.8754211683 91891.2906068906 92874.0811446258 93857.2352433048 94840.7415965079 95824.5893580249 96808.7681188673 97793.2678856328 98778.0790601318 99763.1924201916 100748.599101559 101734.290580832 102720.25865935 103706.495447982 104692.993352759 105679.74506129 106666.74352992 107653.981971576 108641.453844262 109629.15284017 110617.072875356 111605.208079957 112593.552788909 113582.101533153 114570.84903127 115559.790181553 116548.920054469 117538.233885496 118527.727068311 119517.395148315 120507.233816469 121497.238903424 122487.406373938 123477.732321551 124468.212963516 125458.844635959 126449.623789271 127440.546983708 128431.610885192 129422.8122613 130414.147977443 131405.614993199 132397.210358826 133388.931211918 134380.774774208 135372.738348513 136364.81931581
83275.8569927283 84252.3235105825 85229.3357711438 86206.875219143 87184.9241217048 88163.4655237981 89142.4832065186 90121.9616479966 91101.8859867429 92082.2419872584 93063.0160077489 94044.1949697963 95025.7663298517 96007.7180524258 96990.0385848599 97972.7168335713 98955.7421416749 99939.1042678899 100922.793366646 101906.799969311 102891.114966472 103875.729591191 104860.63540319 105845.82427389 106831.288372264 107817.020151441 108803.012336033 109789.257910113 110775.750105842 111762.482392663 112749.448467072 113736.642242891 114724.05784205 115711.689585817 116699.531986478 117687.579739417 118675.827715589 119664.27095436 120652.904656693 121641.724178654 122630.725025232 123619.902844456 124609.253421771 125598.772674695 126588.456647706 127578.301507375 128568.303537712 129558.459135727 130548.764807187 131539.217162566 132529.812913168 133520.548867423 134511.421927346 135502.429085146 136493.567419983
83498.4931473217 84472.3861207428 85446.882189992 86421.9609535036 87397.6029082458 88373.7894014166 89350.5025851811 90327.7253742337 91305.4414059836 92283.6350031793 93262.2911388013 94241.3954030661 95220.9339723969 96200.8935802267 97181.2614895105 98162.0254668328 99143.1737580034 100124.695065045 101106.578524479 102088.813686835 103071.390497285 104054.299277359 105037.530707651 106021.07581146 107004.925939313 107989.072754313 108973.508218259 109958.224578489 110943.214355417 111928.4703307 112913.985536022 113899.753242434 114885.766950245 115872.020379402 116858.50746036 117845.222325394 118832.159300334 119819.312896705 120806.677804239 121794.248883745 122782.021160324 123769.989816888 124758.150187998 125746.497753972 126735.028135272 127723.737087147 128712.620494516 129701.674367079 130690.894834653 131680.278142708 132669.820648101 133659.518815002 134649.369210986 135639.368503303 136629.513455305
83732.480901221 84703.6836089898 85675.5488805901 86648.054421602 87621.1789130197 88594.901959232 89569.2040392481 90544.0664609392 91519.4713180834 92495.4014500181 93471.8404037202 94448.7723981474 95426.1822906878 96404.0555455739 97382.3782041321 98361.1368567441 99340.318616409 100319.911093801 101299.902373727 102280.280992893 103261.035918897 104242.15653037 105223.632598199 106205.454267751 107187.612042054 108170.096765864 109152.899610569 110136.012059877 111119.425896249 112103.133188018 113087.126277172 114071.397767747 115055.940514803 116040.74761395 117025.812391382 118011.128394408 118996.689382436 119982.489318394 120968.522360559 121954.782854776 122941.265327042 123927.964476436 124914.875168377 125901.992428197 126889.311434999 127876.827515804 128864.536139953 129852.432913765 130840.51357543 131828.77399013 132817.21014537 133805.818146514 134794.594212514 135783.534671826 136772.635958489
83977.7253673457 84946.1242019426 85915.2470519079 86885.0696900733 87855.5689419141 88826.7226298817 89798.5095211744 90770.9092787055 91743.9024150461 92717.4702491392 93691.5948655937 94666.259076384 95641.4463847948 96617.140951459 97593.3275623524 98569.9915986155 99547.1190080841 100524.696278418 101502.710411726 102481.148900592 103459.999705411 104439.251232964 105418.892316135 106398.912194718 107379.300497246 108360.047223764 109341.142729509 110322.577709431 111304.343183507 112286.430482808 113268.831236263 114251.537358092 115234.541035863 116217.834719136 117201.411108668 118185.263146137 119169.384004366 120153.767078018 121138.405974724 122123.29450664 123108.426682393 124093.796699403 125079.39893656 126065.22794724 127051.278452632 128037.545335369 129024.023633451 130010.708534427 130997.595369848 131984.679609949 132971.956858577 133959.422848331 134947.073435908 135934.90459766 136922.912425326
84234.1282252825 85199.6127745417 86165.8846411408 87132.9176319082 88100.6866835181 89069.1678032636 90038.338013451 91008.1752991619 91978.6585591543 92949.7675596879 93921.4828910752 94893.7859267774 95866.6587848746 96840.0842917544 97814.045947873 98788.5278954552 99763.5148880073 100738.992261528 101714.945907309 102691.362246224 103668.22820442 104645.531190311 105623.259072805 106601.400160689 107579.943183094 108558.877270983 109538.191939592 110517.877071781 111497.922902231 112478.320002436 113459.059266455 114440.13189737 115421.529394416 116403.243540739 117385.266391754 118367.590264065 119350.207724914 120333.111582135 121316.294874584 122299.750863015 123283.473021383 124267.45502855 125251.690760369 126236.174282136 127220.899841371 128205.861860941 129191.054932473 130176.47381007 131162.113404299 132147.968776447 133134.035133017 134120.307820471 135106.782320194 136093.454243674 137080.31932788
84501.5879014906 85464.0510210688 86427.3664760785 87391.5060806764 88356.4428556708 89322.1509658491 90288.6056610936 91255.7832210265 92223.6609029456 93192.2168928286 94161.4302592019 95131.2809096832 96101.7495500242 97072.8176454876 98044.4673844099 99016.6816438076 99989.443956898 100962.738482413 101936.549975594 102910.863760758 103885.66570535 104860.942195377 105836.680112146 106812.866810227 107789.490096567 108766.538210685 109743.999805889 110721.863931445 111700.120015656 112678.757849785 113657.767572784 114637.139656777 115616.864893258 116596.934379959 117577.339508355 118558.071951772 119539.123654058 120520.486818792 121502.153899003 122484.117587366 123466.370806848 124448.906701797 125431.718629425 126414.800151682 127398.145027501 128381.747205383 129365.600816312 130349.700166988 131334.039733354 132318.614154399 133303.418226238 134288.44689644 135273.695258599 136259.158547141 137244.832132337
84779.999751553 85739.3376282547 86699.5944395957 87660.7399868886 88622.7453541551 89585.58284214 90549.2259062685 91513.6490982792 92478.8280112886 93444.7392280594 94411.3602722603 95378.6695625235 96346.6463691164 97315.2707730606 98284.5236275408 99254.3865214588 100224.841744997 101195.872257065 102167.461654515 103139.594143012 104112.254509466 105085.428095918 106059.100774808 107033.258925529 108007.889412199 108982.979562574 109958.517148036 110934.490364599 111910.887814868 112887.698490891 113864.911757876 114842.517338691 115820.505299131 116798.866033898 117777.590253252 118756.668970301 119736.093488889 120715.855392068 121695.946531087 122676.359014912 123657.085200219 124638.117681842 125619.449283665 126601.073049914 127582.982236849 128565.170304818 129547.630910663 130530.357900466 131513.345302605 132496.587321111 133480.078329312 134463.812863751 135447.785618357 136431.991438866 137416.425317476
85069.2562438002 86025.3684498466 86982.46763567 87940.521575943 88899.4994030192 89859.3715377864 90820.1096246005 91781.6864700305 92744.075985162 93707.2531312279 94671.1938683491 95635.8751071848 96601.2746633065 97567.371214121 98534.144258184 99501.5740767509 100469.641697428 101438.328859796 102407.617982876 103377.492134338 104347.935001339 105318.93086289 106290.46456367 107262.521489192 108235.087542247 109208.14912055 110181.693095518 111155.706792109 112130.177969679 113105.094803773 114080.445868821 115056.220121676 116032.406885947 117008.995837092 117985.976988213 118963.340676536 119941.077550521 120919.178557574 121897.634932336 122876.438185503 123855.580093164 124835.052686626 125814.84824269 126794.959274372 127775.378522031 128756.098944892 129737.113712944 130718.416199187 131699.999972218 132681.858789138 133663.986588757 134646.377485092 135629.025761141 136611.925862916 137595.072393721
85369.2471436485 86322.0366820191 87275.8825563533 88230.7505071157 89186.6077060195 90143.4226838871 91101.1652627147 92059.8064916659 93019.3185867403 93979.6748738791 94940.849735288 95902.8185587736 96865.5576899012 97829.044386798 98793.2567774371 99758.1738192472 100723.775260907 101690.041606188 102656.954079725 103624.494594595 104592.645721598 105561.390660138 106530.713210608 107500.597748195 108471.029198021 109441.993011533 110413.475144091 111385.462033667 112357.940580592 113330.898128315 114304.322445081 115278.201706513 116252.524479024 117227.27970402 118202.456682858 119178.045062509 120154.03482189 121130.416258835 122107.179977662 123084.316877316 124061.818140047 125039.675220598 126017.879835884 126996.423955124 127975.299790421 128954.499787742 129934.016618302 130913.843170322 131893.972541137 132874.398029646 133855.113129082 134836.111520089 135817.387064088 136798.933796923 137780.745922765
85679.8596980255 86629.2330390374 87579.7332491392 88531.3240330726 89483.9705986911 90437.6395820122 91392.2989765793 92347.9180668572 93304.4673654027 94261.9185535708 95220.2444255345 96179.4188354091 97139.4166472888 98100.2136880144 99061.7867025051 100024.113311497 100987.171971541 101950.941937131 102915.403224817 103880.536579213 104846.323440757 105812.745915141 106779.786744312 107747.429278936 108715.657452263 109684.4557553 110653.809213216 111623.703362921 112594.124231737 113565.058317118 114536.492567343 115508.414363143 116480.811500204 117453.672172497 118426.984956398 119400.738795543 120374.922986393 121349.527164462 122324.541291178 123299.955641337 124275.76079113 125251.947606705 126228.507233236 127205.431084485 128182.710832812 129160.338399629 130138.305946271 131116.605865252 132095.230771903 133074.173496366 134053.427075921 135032.984747646 136012.839941369 136992.986272929 137973.417537703
86000.9788192747 86946.8459286009 87893.9114841886 88842.1371593958 89791.4862005715 90741.9233494967 91693.4147702247 92645.9279800412 93599.4317842875 94553.8962148045 95509.2924717723 96465.5928687377 97422.7707806321 98380.8005945982 99339.6576634559 100299.318261647 101259.759543511 102220.959503754 103182.896939981 104145.551417164 105108.903233949 106072.933390673 107037.623559012 108002.956053153 108968.913802413 109935.480325218 110902.639704359 111870.376563474 112838.676044661 113807.523787184 114776.905907194 115746.808978423 116717.220013784 117688.126447847 118659.516120128 119631.377259152 120603.698467253 121576.468706072 122549.677282713 123523.313836521 124497.36832646 125471.831019048 126446.692476835 127421.943547372 128397.575352684 129373.579279182 130349.946968019 131326.670305859 132303.74141604 133281.152650106 134258.896579703 135236.965988807 136215.353866282 137194.053398735 138173.057963676
86332.487267965 87274.761626325 88218.3069209015 89163.0828036407 90109.0505671179 91056.1730645756 92004.4146344318 92953.7410289816 93904.1193470313 94855.5179702268 95807.9065028484 96761.2557148627 97715.537488035 98670.7247649175 99626.7915005427 100583.712616661 101541.463958373 102500.022253013 103459.365071156 104419.470789624 105380.318556378 106341.888257179 107304.160483929 108267.116504594 109230.73823461 110195.008209702 111159.909560034 112125.425985605 113091.541732845 114058.241572323 115025.510777518 115993.335104598 116961.700773142 117930.59444777 118900.003220618 119869.91459462 120840.31646756 121811.197116844 122782.545184961 123754.3496656 124726.599890377 125699.285516158 126672.396512939 127645.923152248 128619.855996064 129594.185886199 130568.90393415 131544.001511372 132519.47023997 133495.301983781 134471.488839826 135448.023130121 136424.897393828 137402.104379718 138379.637038957
86674.2658340602 87612.864448846 88552.8072733461 89494.0519534617 90436.5578408832 91380.2859109444 92325.1986849985 93271.260157044 94218.4357243395 95166.6921217714 96115.9973597451 97066.3206653938 98017.6324269036 98969.9041407745 99923.108361843 100877.218655904 101832.209554785 102788.056513722 103744.735870919 104702.224809147 105660.50131929 106619.544165703 107579.332853298 108539.84759626 109501.069288285 110462.979474285 111425.56032345 112388.794603614 113352.665656842 114317.15737618 115282.254183499 116247.941008379 117214.203267974 118181.026847817 119148.398083495 120116.30374317 121084.731010892 122053.667470661 123023.101091206 123993.020211444 124963.413526576 125934.2700748 126905.5792246 127877.330662591 128849.514381887 129822.120670966 130795.140103007 131768.56352569 132742.382051409 133716.587047908 134691.170129297 135666.123147446 136641.438183724 137617.107541086 138593.123736473
87026.1935159371 87961.0369250605 88897.298474084 89834.9338233679 90773.9004015329 91714.1573213533 92655.6653002096 93598.3865848283 94542.2848800551 95487.3252814216 96433.4742112848 97380.699358328 98328.9696202273 99278.2550493012 100228.526800969 101179.757084859 102131.919118411 103084.987082835 104038.93608129 104993.742099161 105949.381966313 106905.83332121 107863.074576802 108821.084888083 109779.844121213 110739.332824143 111699.532198639 112660.424073644 113621.990879899 114584.215625759 115547.081874139 116510.573720532 117474.67577204 118439.373127371 119404.651357738 120370.496488639 121336.894982442 122303.833721755 123271.299993539 124239.281473919 125207.766213658 126176.742624275 127146.199464755 128116.125828834 129086.511132838 130057.345104022 131028.617769422 132000.319445158 132972.440726198 133944.972476539 134917.905819796 135891.232130178 136864.943023831 137839.030350532 138813.486185721
87388.1476967748 88319.1599650487 89251.6648359591 90185.6160096991 91120.9690143131 92057.6811198606 92995.7112571567 93935.0199408239 94875.5691964032 95817.3224912908 96760.244669278 97704.3018884893 98649.4615625224 99595.6923046077 100542.963874617 101491.247128761 102440.513971815 103390.737311754 104341.891016632 105293.949873605 106246.889549971 107200.686556114 108155.318210252 109110.762604884 110066.998574858 111024.005666956 111981.764110925 112940.254791874 113899.459223966 114859.359525336 115819.938394168 116781.179085876 117743.065391326 118705.581616049 119668.712560397 120632.443500584 121596.760170574 122561.648744779 123527.095821512 124493.088407171 125459.613901104 126426.660081142 127394.215089741 128362.267420725 129330.805906591 130299.819706348 131269.298293871 132239.231446737 133209.609235529 134180.422013574 135151.660407112 136123.315305857 137095.377853947 138067.83944125 139040.691695034
87760.0043178744 88687.1130262557 89615.7892114463 90545.9846434335 91477.6529766009 92410.7496623955 93345.231866574 94281.0583907657 95218.1895981093 96156.5873427298 97096.2149028402 98037.0369172644 98979.0193251862 99922.1293089479 100866.335239725 101811.60662592 102757.914064123 103705.229192496 104653.524646458 105602.774016525 106552.951808215 107504.033403879 108455.995026374 109408.813704469 110362.467239899 111316.934175966 112272.193767624 113228.225952955 114185.01132597 115142.531110665 116100.767136264 117059.701813594 118019.318112528 118979.599540444 119940.530121652 120902.09437773 121864.277308734 122827.064375237 123790.441481146 124754.394957274 125718.911545615 126683.978384296 127649.582993174 128615.713260043 129582.357427422 130549.504079896 131517.142131987 132485.260816529 133453.849673519 134422.898539426 135392.397536935 136362.337065107 137332.707789938 138303.500635287 139274.706774179
88141.6380485031 89064.7742765447 89989.5531491871 90915.9245404725 91843.840262194 92773.2539753023 93704.1211058748 94636.3987653956 95570.0456751042 96505.0220941896 97441.2897516168 98378.8117813844 99317.5526610255 100257.478153174 101198.555250026 102140.752120548 103084.038060263 104028.383443502 104973.759677963 105920.13916147 106867.495240806 107815.802172512 108765.035085549 109715.169945725 110666.183521787 111618.053353104 112570.757718845 113524.275608582 114478.586694246 115433.671303352 116389.510393458 117346.085527756 118303.378851772 119261.373071102 120220.05143013 121179.397691693 122139.396117633 123100.031450193 124061.288894228 125023.154100173 125985.613147749 126948.652530354 127912.259140128 128876.420253628 129841.123518122 130806.356938441 131772.108864377 132738.367978606 133705.123285094 134672.364097987 135640.080030938 136608.260986874 137576.897148164 138545.978967182 139515.497157246
88532.9224518955 89452.0207537642 90372.8370473694 91295.3193490712 92219.4176630248 93145.083891561 94072.2717500989 95000.9366863452 95931.0358035474 96862.5277875816 97795.3728376682 98729.5326005196 99664.9701077343 100601.649716265 101539.537051794 102478.59895486 103418.803429597 104360.11959493 105302.517638121 106245.968770515 107190.445185398 108135.920017829 109082.367306365 110029.761956569 110978.07970621 111927.297092069 112877.391418277 113828.340726084 114780.123765014 115732.719965317 116686.109411656 117640.272817974 118595.191503475 119550.847369663 120507.222878394 121464.301030885 122422.065347633 123380.499849201 124339.589037833 125299.31787985 126259.671788795 127220.636609289 128182.198601565 129144.344426652 130107.061132162 131070.336138681 132034.157226701 132998.512524102 133963.390494128 134928.779923858 135894.669913133 136861.049863933 137827.909470166 138795.238707871 139763.027825793
88933.7301470783 89848.7285215092 90765.5203036394 91684.0516941136 92604.2709280053 93526.128184406 94449.575500499 95374.5666898832 96301.0572649205 97229.0043628958 98158.3666757884 99089.1043834642 100021.179090109 100954.553763731 101889.192678579 102825.061360308 103762.126533768 104700.356073264 105639.718955167 106580.185212755 107521.72589316 108464.31301632 109407.91953584 110352.519301642 111298.087024341 112244.598241235 113192.029283845 114140.357246915 115089.559958807 116039.615953218 116990.504442151 117942.20529008 118894.698989257 119847.966636086 120801.98990854 121756.751044538 122712.232821264 123668.418535366 124625.291983999 125582.837446666 126541.039667825 127499.883840232 128459.355588961 129419.440956101 130380.126386072 131341.398711552 132303.245139963 133265.653240525 134228.610931807 135192.106469797 136156.128436436 137120.665728612 138085.707547582 139051.243388813 140017.263032218
89343.9329662252 90254.7728207869 91167.4814612665 92082.0033179605 92998.2848987411 93916.2746980838 94835.92311052 95757.1823482864 96680.0063629575 97604.3507708546 98530.1727820394 99457.4311327065 100386.086020801 101316.099044693 102247.433144762 103180.052547724 104113.922713582 105049.010285048 105985.283039329 106922.709842134 107861.260603813 108800.906237505 109741.618619195 110683.370549597 111626.135717751 112569.88866627 113514.604758132 114460.260144966 115406.831736739 116354.297172775 117302.634794061 118251.823616752 119201.84330683 120152.674155861 121104.297057797 122056.693486763 123009.845475799 123963.735596498 124918.346939499 125873.663095803 126829.668138863 127786.346607424 128743.68348906 129701.664204395 130660.274591967 131619.5008937 132579.329740972 133539.748141232 134500.743465166 135462.303434353 136424.416109432 137387.069878711 138350.253447243 139313.955826309 140278.166323321
89763.4021072805 90670.0282173324 91578.598351309 92489.055217625 93401.3436418739 94315.4104755206 95231.2045089447 96148.6763886169 97067.7785382023 97988.4650833965 98910.6917803052 99834.4159471926 100759.596399428 101686.193387471 102614.168537744 103543.484796249 104474.106374784 105405.998699638 106339.128362643 107273.463074449 108208.971619934 109145.623815627 110083.390469048 111022.243339879 111962.155102864 112903.099312359 113845.05036845 114787.983484568 115731.874656518 116676.700632862 117622.438886587 118569.067587999 119516.565578776 120464.912347142 121414.088004082 122364.073260584 123314.84940582 124266.398286257 125218.702285629 126171.74430575 127125.507748107 128079.976496222 129035.134898721 129990.967753109 130947.46029018 131904.598159074 132862.367412918 133820.754495048 134779.746225768 135739.329789641 136699.49272327 137660.22290356 138621.508536433 139583.33814598 140545.700564028
90192.0082816285 91094.3687443513 91998.7482305622 92905.0877780593 93813.3305778417 94723.4218826893 95635.3089200033 96548.9408087058 97464.2684799999 98381.2446018041 99299.8235066837 100219.961123107 101141.614909866 102064.743793506 102989.308108622 103915.269540867 104842.591072568 105771.236930785 106701.172537731 107632.364463414 108564.780380397 109498.38902058 110433.160133905 111369.064448882 112306.073634857 113244.160265933 114183.297786475 115123.460478103 116064.623428123 117006.762499312 117949.854301008 118893.876161422 119838.806101137 120784.622807725 121731.305611429 122678.834461864 123627.1899057 124576.353065253 125526.305617974 126477.029776777 127428.508271164 128380.724329132 129333.661659798 130287.304436732 131241.637281955 132196.645250576 133152.31381604 134108.628855953 135065.57663847 136023.143809209 136981.317378682 137940.084710203 138899.433508263 139859.35180736 140819.827961241
90629.6218566167 91527.6680404994 92427.8079150987 93329.9809013636 94234.1286058688 95140.1947294935 96048.1249802642 96957.8669901673 97869.3702357459 98782.5859623042 99697.4671115497 100613.96825251 101532.045515569 102451.656529478 103372.760361193 104295.317458413 105219.289594682 106144.639816941 107071.332395402 107999.332775648 108928.607532841 109859.124327942 110790.85186585 111723.759855365 112657.81897089 113593.000815791 114529.277887337 115466.623543141 116405.011969038 117344.418148331 118284.817832336 119226.187512171 120168.504391733 121111.746361798 122055.891975205 123000.920423067 123946.811511955 124893.545642033 125841.103786073 126789.467469327 127738.61875022 128688.540201809 129639.214893994 130590.626376435 131542.758662148 132495.596211749 133449.123918313 134403.327092836 135358.191450249 136313.703095987 137269.848513063 138226.614549651 139183.988407131 140141.957628595 141100.510087786
