AgentSeal-Grey/Input/hsi_greySeal_Matt_large.asc
NCOLS 284 
NROWS 185 
XLLCORNER 428292.82952926 
YLLCORNER 6186935 
CELLSIZE 1000 
NODATA_value -9999 
[rows 129 to 171 of 185, columns 96 to 191 of 284]
0.6 0.36 0.36 0.36 0.36 0.36 0.51 0.51 0.51 0.51 0.51 0.19 0.19 0.19 0.19 0.19 0.29 0.29 0.29 0.29 0.29 0.15 0.15 0.15 0.15 0.15 0.14 0.14 0.14 0.14 0.14 0.19 0.19 0.19 0.19 0.19 0.16 0.16 0.16 0.16 0.16 0.26 0.26 0.26 0.26 0.26 0.16 0.16 0.16 0.16 0.16 0.19 0.19 0.19 0.19 0.19 0.14 0.14 0.14 0.14 0.14 0.13 0.13 0.13 0.13 0.13 0.11 0.11 0.11 0.11 0.11 0.09 0.09 0.09 0.09 0.09 0.09 0.09 0.09 0.09 0.09 0.09 0.09 0.09 0.09 0.09 0.08 0.08 0.08 0.08 0.08 0.07 0.07 0.07 0.07 0.07
0.6 0.36 0.36 0.36 0.36 0.36 0.51 0.51 0.51 0.51 0.51 0.19 0.19 0.19 0.19 0.19 0.29 0.29 0.29 0.29 0.29 0.15 0.15 0.15 0.15 0.15 0.14 0.14 0.14 0.14 0.14 0.19 0.19 0.19 0.19 0.19 0.16 0.16 0.16 0.16 0.16 0.26 0.26 0.26 0.26 0.26 0.16 0.16 0.16 0.16 0.16 0.19 0.19 0.19 0.19 0.19 0.14 0.14 0.14 0.14 0.14 0.13 0.13 0.13 0.13 0.13 0.11 0.11 0.11 0.11 0.11 0.09 0.09 0.09 0.09 0.09 0.09 0.09 0.09 0.09 0.09 0.09 0.09 0.09 0.09 0.09 0.08 0.08 0.08 0.08 0.08 0.07 0.07 0.07 0.07 0.07
0.6 0.36 0.36 0.36 0.36 0.36 0.51 0.51 0.51 0.51 0.51 0.19 0.19 0.19 0.19 0.19 0.29 0.29 0.29 0.29 0.29 0.15 0.15 0.15 0.15 0.15 0.14 0.14 0.14 0.14 0.14 0.19 0.19 0.19 0.19 0.19 0.16 0.16 0.16 0.16 0.16 0.26 0.26 0.26 0.26 0.26 0.16 0.16 0.16 0.16 0.16 0.19 0.19 0.19 0.19 0.19 0.14 0.14 0.14 0.14 0.14 0.13 0.13 0.13 0.13 0.13 0.11 0.11 0.11 0.11 0.11 0.09 0.09 0.09 0.09 0.09 0.09 0.09 0.09 0.09 0.09 0.09 0.09 0.09 0.09 0.09 0.08 0.08 0.08 0.08 0.08 0.07 0.07 0.07 0.07 0.07
0.06 0.18 0.18 0.18 0.18 0.18 0.21 0.21 0.21 0.21 0.21 0.19 0.19 0.19 0.19 0.19 0.16 0.16 0.16 0.16 0.16 0.19 0.19 0.19 0.19 0.19 0.15 0.15 0.15 0.15 0.15 0.2 0.2 0.2 0.2 0.2 0.21 0.21 0.21 0.21 0.21 0.42 0.42 0.42 0.42 0.42 0.29 0.29 0.29 0.29 0.29 0.29 0.29 0.29 0.29 0.29 0.15 0.15 0.15 0.15 0.15 0.12 0.12 0.12 0.12 0.12 0.18 0.18 0.18 0.18 0.18 0.09 0.09 0.09 0.09 0.09 0.11 0.11 0.11 0.11 0.11 0.1 0.1 0.1 0.1 0.1 0.08 0.08 0.08 0.08 0.08 0.08 0.08 0.08 0.08 0.08
0.06 0.18 0.18 0.18 0.18 0.18 0.21 0.21 0.21 0.21 0.21 0.19 0.19 0.19 0.19 0.19 0.16 0.16 0.16 0.16 0.16 0.19 0.19 0.19 0.19 0.19 0.15 0.15 0.15 0.15 0.15 0.2 0.2 0.2 0.2 0.2 0.21 0.21 0.21 0.21 0.21 0.42 0.42 0.42 0.42 0.42 0.29 0.29 0.29 0.29 0.29 0.29 0.29 0.29 0.29 0.29 0.15 0.15 0.15 0.15 0.15 0.12 0.12 0.12 0.12 0.12 0.18 0.18 0.18 0.18 0.18 0.09 0.09 0.09 0.09 0.09 0.11 0.11 0.11 0.11 0.11 0.1 0.1 0.1 0.1 0.1 0.08 0.08 0.08 0.08 0.08 0.08 0.08 0.08 0.08 0.08
2 0.18 0.18 0.18 0.18 0.18 0.21 0.21 0.21 0.21 0.21 0.19 0.19 0.19 0.19 0.19 0.16 0.16 0.16 0.16 0.16 0.19 0.19 0.19 0.19 0.19 0.15 0.15 0.15 0.15 0.15 0.2 0.2 0.2 0.2 0.2 0.21 0.21 0.21 0.21 0.21 0.42 0.42 0.42 0.42 0.42 0.29 0.29 0.29 0.29 0.29 0.29 0.29 0.29 0.29 0.29 0.15 0.15 0.15 0.15 0.15 0.12 0.12 0.12 0.12 0.12 0.18 0.18 0.18 0.18 0.18 0.09 0.09 0.09 0.09 0.09 0.11 0.11 0.11 0.11 0.11 0.1 0.1 0.1 0.1 0.1 0.08 0.08 0.08 0.08 0.08 0.08 0.08 0.08 0.08 0.08
0.06 0.18 0.18 0.18 0.18 0.18 0.21 0.21 0.21 0.21 0.21 0.19 0.19 0.19 0.19 0.19 0.16 0.16 0.16 0.16 0.16 0.19 0.19 0.19 0.19 0.19 0.15 0.15 0.15 0.15 0.15 0.2 0.2 0.2 0.2 0.2 0.21 0.21 0.21 0.21 0.21 0.42 0.42 0.42 0.42 0.42 0.29 0.29 0.29 0.29 0.29 0.29 0.29 0.29 0.29 0.29 0.15 0.15 0.15 0.15 0.15 0.12 0.12 0.12 0.12 0.12 0.18 0.18 0.18 0.18 0.18 0.09 0.09 0.09 0.09 0.09 0.11 0.11 0.11 0.11 0.11 0.1 0.1 0.1 0.1 0.1 0.08 0.08 0.08 0.08 0.08 0.08 0.08 0.08 0.08 0.08
0.06 0.18 0.18 0.18 0.18 0.18 0.21 0.21 0.21 0.21 0.21 0.19 0.19 0.19 0.19 0.19 0.16 0.16 0.16 0.16 0.16 0.19 0.19 0.19 0.19 0.19 0.15 0.15 0.15 0.15 0.15 0.2 0.2 0.2 0.2 0.2 0.21 0.21 0.21 0.21 0.21 0.42 0.42 0.42 0.42 0.42 0.29 0.29 0.29 0.29 0.29 0.29 0.29 0.29 0.29 0.29 0.15 0.15 0.15 0.15 0.15 0.12 0.12 0.12 0.12 0.12 0.18 0.18 0.18 0.18 0.18 0.09 0.09 0.09 0.09 0.09 0.11 0.11 0.11 0.11 0.11 0.1 0.1 0.1 0.1 0.1 0.08 0.08 0.08 0.08 0.08 0.08 0.08 0.08 0.08 0.08
0.21 0.72 0.72 0.72 0.72 0.72 0.22 0.22 0.22 0.22 0.22 0.09 0.09 0.09 0.09 0.09 0.21 0.21 0.21 0.21 0.21 0.21 0.21 0.21 0.21 0.21 0.19 0.19 0.19 0.19 0.19 0.21 0.21 0.21 0.21 0.21 0.24 0.24 0.24 0.24 0.24 0.47 0.47 0.47 0.47 0.47 0.15 0.15 0.15 0.15 0.15 0.23 0.23 0.23 0.23 0.23 0.14 0.14 0.14 0.14 0.14 0.14 0.14 0.14 0.14 0.14 0.14 0.14 0.14 0.14 0.14 0.1 0.1 0.1 0.1 0.1 0.12 0.12 0.12 0.12 0.12 0.11 0.11 0.11 0.11 0.11 0.09 0.09 0.09 0.09 0.09 0.08 0.08 0.08 0.08 0.08
0.21 0.72 0.72 0.72 0.72 0.72 0.22 0.22 0.22 0.22 0.22 0.09 0.09 0.09 0.09 0.09 0.21 0.21 0.21 0.21 0.21 0.21 0.21 0.21 0.21 0.21 0.19 0.19 0.19 0.19 0.19 0.21 0.21 0.21 0.21 0.21 0.24 0.24 0.24 0.24 0.24 0.47 0.47 0.47 0.47 0.47 0.15 0.15 0.15 0.15 0.15 0.23 0.23 0.23 0.23 0.23 0.14 0.14 0.14 0.14 0.14 0.14 0.14 0.14 0.14 0.14 0.14 0.14 0.14 0.14 0.14 0.1 0.1 0.1 0.1 0.1 0.12 0.12 0.12 0.12 0.12 0.11 0.11 0.11 0.11 0.11 0.09 0.09 0.09 0.09 0.09 0.08 0.08 0.08 0.08 0.08
0.21 0.72 0.72 0.72 0.72 0.72 0.22 0.22 0.22 0.22 0.22 0.09 0.09 0.09 0.09 0.09 0.21 0.21 0.21 0.21 0.21 0.21 0.21 0.21 0.21 0.21 0.19 0.19 0.19 0.19 0.19 0.21 0.21 0.21 0.21 0.21 0.24 0.24 0.24 0.24 0.24 0.47 0.47 0.47 0.47 0.47 0.15 0.15 0.15 0.15 0.15 0.23 0.23 0.23 0.23 0.23 0.14 0.14 0.14 0.14 0.14 0.14 0.14 0.14 0.14 0.14 0.14 0.14 0.14 0.14 0.14 0.1 0.1 0.1 0.1 0.1 0.12 0.12 0.12 0.12 0.12 0.11 0.11 0.11 0.11 0.11 0.09 0.09 0.09 0.09 0.09 0.08 0.08 0.08 0.08 0.08
0.21 0.72 0.72 0.72 0.72 0.72 0.22 0.22 0.22 0.22 0.22 0.09 0.09 0.09 0.09 0.09 0.21 0.21 0.21 0.21 0.21 0.21 0.21 0.21 0.21 0.21 0.19 0.19 0.19 0.19 0.19 0.21 0.21 0.21 0.21 0.21 0.24 0.24 0.24 0.24 0.24 0.47 0.47 0.47 0.47 0.47 0.15 0.15 0.15 0.15 0.15 0.23 0.23 0.23 0.23 0.23 0.14 0.14 0.14 0.14 0.14 0.14 0.14 0.14 0.14 0.14 0.14 0.14 0.14 0.14 0.14 0.1 0.1 0.1 0.1 0.1 0.12 0.12 0.12 0.12 0.12 0.11 0.11 0.11 0.11 0.11 0.09 0.09 0.09 0.09 0.09 0.08 0.08 0.08 0.08 0.08
0.21 0.72 0.72 0.72 0.72 0.72 0.22 0.22 0.22 0.22 0.22 0.09 0.09 0.09 0.09 0.09 0.21 0.21 0.21 0.21 0.21 0.21 0.21 0.21 0.21 0.21 0.19 0.19 0.19 0.19 0.19 0.21 0.21 0.21 0.21 0.21 0.24 0.24 0.24 0.24 0.24 0.47 0.47 0.47 0.47 0.47 0.15 0.15 0.15 0.15 0.15 0.23 0.23 0.23 0.23 0.23 0.14 0.14 0.14 0.14 0.14 0.14 0.14 0.14 0.14 0.14 0.14 0.14 0.14 0.14 0.14 0.1 0.1 0.1 0.1 0.1 0.12 0.12 0.12 0.12 0.12 0.11 0.11 0.11 0.11 0.11 0.09 0.09 0.09 0.09 0.09 0.08 0.08 0.08 0.08 0.08
0.13 0.17 0.17 0.17 0.17 0.17 0.08 0.08 0.08 0.08 0.08 0.09 0.09 0.09 0.09 0.09 0.17 0.17 0.17 0.17 0.17 0.18 0.18 0.18 0.18 0.18 0.19 0.19 0.19 0.19 0.19 0.3 0.3 0.3 0.3 0.3 0.2 0.2 0.2 0.2 0.2 0.23 0.23 0.23 0.23 0.23 0.24 0.24 0.24 0.24 0.24 0.21 0.21 0.21 0.21 0.21 0.2 0.2 0.2 0.2 0.2 0.18 0.18 0.18 0.18 0.18 0.16 0.16 0.16 0.16 0.16 0.11 0.11 0.11 0.11 0.11 0.3 0.3 0.3 0.3 0.3 0.12 0.12 0.12 0.12 0.12 0.09 0.09 0.09 0.09 0.09 0.09 0.09 0.09 0.09 0.09
0.13 0.17 0.17 0.17 0.17 0.17 0.08 0.08 0.08 0.08 0.08 0.09 0.09 0.09 0.09 0.09 0.17 0.17 0.17 0.17 0.17 0.18 0.18 0.18 0.18 0.18 0.19 0.19 0.19 0.19 0.19 0.3 0.3 0.3 0.3 0.3 0.2 0.2 0.2 0.2 0.2 0.23 0.23 0.23 0.23 0.23 0.24 0.24 0.24 0.24 0.24 0.21 0.21 0.21 0.21 0.21 0.2 0.2 0.2 0.2 0.2 0.18 0.18 0.18 0.18 0.18 0.16 0.16 0.16 0.16 0.16 0.11 0.11 0.11 0.11 0.11 0.3 0.3 0.3 0.3 0.3 0.12 0.12 0.12 0.12 0.12 0.09 0.09 0.09 0.09 0.09 0.09 0.09 0.09 0.09 0.09
0.13 0.17 0.17 0.17 0.17 0.17 0.08 0.08 0.08 0.08 0.08 0.09 0.09 0.09 0.09 0.09 0.17 0.17 0.17 0.17 0.17 0.18 0.18 0.18 0.18 0.18 0.19 0.19 0.19 0.19 0.19 0.3 0.3 0.3 0.3 0.3 0.2 0.2 0.2 0.2 0.2 0.23 0.23 0.23 0.23 0.23 0.24 0.24 0.24 0.24 0.24 0.21 0.21 0.21 0.21 0.21 0.2 0.2 0.2 0.2 0.2 0.18 0.18 0.18 0.18 0.18 0.16 0.16 0.16 0.16 0.16 0.11 0.11 0.11 0.11 0.11 0.3 0.3 0.3 0.3 0.3 0.12 0.12 0.12 0.12 0.12 0.09 0.09 0.09 0.09 0.09 0.09 0.09 0.09 0.09 0.09
0.13 0.17 0.17 0.17 0.17 0.17 0.08 0.08 0.08 0.08 0.08 0.09 0.09 0.09 0.09 0.09 0.17 0.17 0.17 0.17 0.17 0.18 0.18 0.18 0.18 0.18 0.19 0.19 0.19 0.19 0.19 0.3 0.3 0.3 0.3 0.3 0.2 0.2 0.2 0.2 0.2 0.23 0.23 0.23 0.23 0.23 0.24 0.24 0.24 0.24 0.24 0.21 0.21 0.21 0.21 0.21 0.2 0.2 0.2 0.2 0.2 0.18 0.18 0.18 0.18 0.18 0.16 0.16 0.16 0.16 0.16 0.11 0.11 0.11 0.11 0.11 0.3 0.3 0.3 0.3 0.3 0.12 0.12 0.12 0.12 0.12 0.09 0.09 0.09 0.09 0.09 0.09 0.09 0.09 0.09 0.09
0.13 0.17 0.17 0.17 0.17 0.17 0.08 0.08 0.08 0.08 0.08 0.09 0.09 0.09 0.09 0.09 0.17 0.17 0.17 0.17 0.17 0.18 0.18 0.18 0.18 0.18 0.19 0.19 0.19 0.19 0.19 0.3 0.3 0.3 0.3 0.3 0.2 0.2 0.2 0.2 0.2 0.23 0.23 0.23 0.23 0.23 0.24 0.24 0.24 0.24 0.24 0.21 0.21 0.21 0.21 0.21 0.2 0.2 0.2 0.2 0.2 0.18 0.18 0.18 0.18 0.18 0.16 0.16 0.16 0.16 0.16 0.11 0.11 0.11 0.11 0.11 0.3 0.3 0.3 0.3 0.3 0.12 0.12 0.12 0.12 0.12 0.09 0.09 0.09 0.09 0.09 0.09 0.09 0.09 0.09 0.09
0.14 0.15 0.15 0.15 0.15 0.15 0.15 0.15 0.15 0.15 0.15 0.11 0.11 0.11 0.11 0.11 0.09 0.09 0.09 0.09 0.09 0.15 0.15 0.15 0.15 0.15 0.16 0.16 0.16 0.16 0.16 0.22 0.22 0.22 0.22 0.22 0.46 0.46 0.46 0.46 0.46 0.21 0.21 0.21 0.21 0.21 0.5 0.5 0.5 0.5 0.5 0.2 0.2 0.2 0.2 0.2 0.13 0.13 0.13 0.13 0.13 0.12 0.12 0.12 0.12 0.12 0.14 0.14 0.14 0.14 0.14 0.13 0.13 0.13 0.13 0.13 0.21 0.21 0.21 0.21 0.21 0.15 0.15 0.15 0.15 0.15 0.1 0.1 0.1 0.1 0.1 0.09 0.09 0.09 0.09 0.09
0.14 0.15 0.15 0.15 0.15 0.15 0.15 0.15 0.15 0.15 0.15 0.11 0.11 0.11 0.11 0.11 0.09 0.09 0.09 0.09 0.09 0.15 0.15 0.15 0.15 0.15 0.16 0.16 0.16 0.16 0.16 0.22 0.22 0.22 0.22 0.22 0.46 0.46 0.46 0.46 0.46 0.21 0.21 0.21 0.21 0.21 0.5 0.5 0.5 0.5 0.5 0.2 0.2 0.2 0.2 0.2 0.13 0.13 0.13 0.13 0.13 0.12 0.12 0.12 0.12 0.12 0.14 0.14 0.14 0.14 0.14 0.13 0.13 0.13 0.13 0.13 0.21 0.21 0.21 0.21 0.21 0.15 0.15 0.15 0.15 0.15 0.1 0.1 0.1 0.1 0.1 0.09 0.09 0.09 0.09 0.09
0.14 0.15 0.15 0.15 0.15 0.15 0.15 0.15 0.15 0.15 0.15 0.11 0.11 0.11 0.11 0.11 0.09 0.09 0.09 0.09 0.09 0.15 0.15 0.15 0.15 0.15 0.16 0.16 0.16 0.16 0.16 0.22 0.22 0.22 0.22 0.22 0.46 0.46 0.46 0.46 0.46 0.21 0.21 0.21 0.21 0.21 0.5 0.5 0.5 0.5 0.5 0.2 0.2 0.2 0.2 0.2 0.13 0.13 0.13 0.13 0.13 0.12 0.12 0.12 0.12 0.12 0.14 0.14 0.14 0.14 0.14 0.13 0.13 0.13 0.13 0.13 0.21 0.21 0.21 0.21 0.21 0.15 0.15 0.15 0.15 0.15 0.1 0.1 0.1 0.1 0.1 0.09 0.09 0.09 0.09 0.09
0.14 0.15 0.15 0.15 0.15 0.15 0.15 0.15 0.15 0.15 0.15 0.11 0.11 0.11 0.11 0.11 0.09 0.09 0.09 0.09 0.09 0.15 0.15 0.15 0.15 0.15 0.16 0.16 0.16 0.16 0.16 0.22 0.22 0.22 0.22 0.22 0.46 0.46 0.46 0.46 0.46 0.21 0.21 0.21 0.21 0.21 0.5 0.5 0.5 0.5 0.5 0.2 0.2 0.2 0.2 0.2 0.13 0.13 0.13 0.13 0.13 0.12 0.12 0.12 0.12 0.12 0.14 0.14 0.14 0.14 0.14 0.13 0.13 0.13 0.13 0.13 0.21 0.21 0.21 0.21 0.21 0.15 0.15 0.15 0.15 0.15 0.1 0.1 0.1 0.1 0.1 0.09 0.09 0.09 0.09 0.09
0.14 0.15 0.15 0.15 0.15 0.15 0.15 0.15 0.15 0.15 0.15 0.11 0.11 0.11 0.11 0.11 0.09 0.09 0.09 0.09 0.09 0.15 0.15 0.15 0.15 0.15 0.16 0.16 0.16 0.16 0.16 0.22 0.22 0.22 0.22 0.22 0.46 0.46 0.46 0.46 0.46 0.21 0.21 0.21 0.21 0.21 0.5 0.5 0.5 0.5 0.5 0.2 0.2 0.2 0.2 0.2 0.13 0.13 0.13 0.13 0.13 0.12 0.12 0.12 0.12 0.12 0.14 0.14 0.14 0.14 0.14 0.13 0.13 0.13 0.13 0.13 0.21 0.21 0.21 0.21 0.21 0.15 0.15 0.15 0.15 0.15 0.1 0.1 0.1 0.1 0.1 0.09 0.09 0.09 0.09 0.09
0.12 0.13 0.13 0.13 0.13 0.13 0.17 0.17 0.17 0.17 0.17 0.21 0.21 0.21 0.21 0.21 0.17 0.17 0.17 0.17 0.17 0.16 0.16 0.16 0.16 0.16 0.14 0.14 0.14 0.14 0.14 0.17 0.17 0.17 0.17 0.17 0.19 0.19 0.19 0.19 0.19 0.2 0.2 0.2 0.2 0.2 0.35 0.35 0.35 0.35 0.35 0.16 0.16 0.16 0.16 0.16 0.34 0.34 0.34 0.34 0.34 0.09 0.09 0.09 0.09 0.09 0.08 0.08 0.08 0.08 0.08 0.11 0.11 0.11 0.11 0.11 0.23 0.23 0.23 0.23 0.23 0.2 0.2 0.2 0.2 0.2 0.11 0.11 0.11 0.11 0.11 0.08 0.08 0.08 0.08 0.08
0.12 0.13 0.13 0.13 0.13 0.13 0.17 0.17 0.17 0.17 0.17 0.21 0.21 0.21 0.21 0.21 0.17 0.17 0.17 0.17 0.17 0.16 0.16 0.16 0.16 0.16 0.14 0.14 0.14 0.14 0.14 0.17 0.17 0.17 0.17 0.17 0.19 0.19 0.19 0.19 0.19 0.2 0.2 0.2 0.2 0.2 0.35 0.35 0.35 0.35 0.35 0.16 0.16 0.16 0.16 0.16 0.34 0.34 0.34 0.34 0.34 0.09 0.09 0.09 0.09 0.09 0.08 0.08 0.08 0.08 0.08 0.11 0.11 0.11 0.11 0.11 0.23 0.23 0.23 0.23 0.23 0.2 0.2 0.2 0.2 0.2 0.11 0.11 0.11 0.11 0.11 0.08 0.08 0.08 0.08 0.08
0.12 0.13 0.13 0.13 0.13 0.13 0.17 0.17 0.17 0.17 0.17 0.21 0.21 0.21 0.21 0.21 0.17 0.17 0.17 0.17 0.17 0.16 0.16 0.16 0.16 0.16 0.14 0.14 0.14 0.14 0.14 0.17 0.17 0.17 0.17 0.17 0.19 0.19 0.19 0.19 0.19 0.2 0.2 0.2 0.2 0.2 0.35 0.35 0.35 0.35 0.35 0.16 0.16 0.16 0.16 0.16 0.34 0.34 0.34 0.34 0.34 0.09 0.09 0.09 0.09 0.09 0.08 0.08 0.08 0.08 0.08 0.11 0.11 0.11 0.11 0.11 0.23 0.23 0.23 0.23 0.23 0.2 0.2 0.2 0.2 0.2 0.11 0.11 0.11 0.11 0.11 0.08 0.08 0.08 0.08 0.08
0.12 0.13 0.13 0.13 0.13 0.13 0.17 0.17 0.17 0.17 0.17 0.21 0.21 0.21 0.21 0.21 0.17 0.17 0.17 0.17 0.17 0.16 0.16 0.16 0.16 0.16 0.14 0.14 0.14 0.14 0.14 0.17 0.17 0.17 0.17 0.17 0.19 0.19 0.19 0.19 0.19 0.2 0.2 0.2 0.2 0.2 0.35 0.35 0.35 0.35 0.35 0.16 0.16 0.16 0.16 0.16 0.34 0.34 0.34 0.34 0.34 0.09 0.09 0.09 0.09 0.09 0.08 0.08 0.08 0.08 0.08 0.11 0.11 0.11 0.11 0.11 0.23 0.23 0.23 0.23 0.23 0.2 0.2 0.2 0.2 0.2 0.11 0.11 0.11 0.11 0.11 0.08 0.08 0.08 0.08 0.08
0.12 0.13 0.13 0.13 0.13 0.13 0.17 0.17 0.17 0.17 0.17 0.21 0.21 0.21 0.21 0.21 0.17 0.17 0.17 0.17 0.17 0.16 0.16 0.16 0.16 0.16 0.14 0.14 0.14 0.14 0.14 0.17 0.17 0.17 0.17 0.17 0.19 0.19 0.19 0.19 0.19 0.2 0.2 0.2 0.2 0.2 0.35 0.35 0.35 0.35 0.35 0.16 0.16 0.16 0.16 0.16 0.34 0.34 0.34 0.34 0.34 0.09 0.09 0.09 0.09 0.09 0.08 0.08 0.08 0.08 0.08 0.11 0.11 0.11 0.11 0.11 0.23 0.23 0.23 0.23 0.23 0.2 0.2 0.2 0.2 0.2 0.11 0.11 0.11 0.11 0.11 0.08 0.08 0.08 0.08 0.08
0.17 0.22 0.22 0.22 0.22 0.22 0.14 0.14 0.14 0.14 0.14 0.24 0.24 0.24 0.24 0.24 0.21 0.21 0.21 0.21 0.21 0.17 0.17 0.17 0.17 0.17 0.09 0.09 0.09 0.09 0.09 0.16 0.16 0.16 0.16 0.16 0.16 0.16 0.16 0.16 0.16 0.18 0.18 0.18 0.18 0.18 0.56 0.56 0.56 0.56 0.56 0.15 0.15 0.15 0.15 0.15 0.14 0.14 0.14 0.14 0.14 0.07 0.07 0.07 0.07 0.07 0.07 0.07 0.07 0.07 0.07 0.15 0.15 0.15 0.15 0.15 0.16 0.16 0.16 0.16 0.16 0.16 0.16 0.16 0.16 0.16 0.18 0.18 0.18 0.18 0.18 0.12 0.12 0.12 0.12 0.12
0.17 0.22 0.22 0.22 0.22 0.22 0.14 0.14 0.14 0.14 0.14 0.24 0.24 0.24 0.24 0.24 0.21 0.21 0.21 0.21 0.21 0.17 0.17 0.17 0.17 0.17 0.09 0.09 0.09 0.09 0.09 0.16 0.16 0.16 0.16 0.16 0.16 0.16 0.16 0.16 0.16 0.18 0.18 0.18 0.18 0.18 0.56 0.56 0.56 0.56 0.56 0.15 0.15 0.15 0.15 0.15 0.14 0.14 0.14 0.14 0.14 0.07 0.07 0.07 0.07 0.07 0.07 0.07 0.07 0.07 0.07 0.15 0.15 0.15 0.15 0.15 0.16 0.16 0.16 0.16 0.16 0.16 0.16 0.16 0.16 0.16 0.18 0.18 0.18 0.18 0.18 0.12 0.12 0.12 0.12 0.12
0.17 0.22 0.22 0.22 0.22 0.22 0.14 0.14 0.14 0.14 0.14 0.24 0.24 0.24 0.24 0.24 0.21 0.21 0.21 0.21 0.21 0.17 0.17 0.17 0.17 0.17 0.09 0.09 0.09 0.09 0.09 0.16 0.16 0.16 0.16 0.16 0.16 0.16 0.16 0.16 0.16 0.18 0.18 0.18 0.18 0.18 0.56 0.56 0.56 0.56 0.56 0.15 0.15 0.15 0.15 0.15 0.14 0.14 0.14 0.14 0.14 0.07 0.07 0.07 0.07 0.07 0.07 0.07 0.07 0.07 0.07 0.15 0.15 0.15 0.15 0.15 0.16 0.16 0.16 0.16 0.16 0.16 0.16 0.16 0.16 0.16 0.18 0.18 0.18 0.18 0.18 0.12 0.12 0.12 0.12 0.12
0.17 0.22 0.22 0.22 0.22 0.22 0.14 0.14 0.14 0.14 0.14 0.24 0.24 0.24 0.24 0.24 0.21 0.21 0.21 0.21 0.21 0.17 0.17 0.17 0.17 0.17 0.09 0.09 0.09 0.09 0.09 0.16 0.16 0.16 0.16 0.16 0.16 0.16 0.16 0.16 0.16 0.18 0.18 0.18 0.18 0.18 0.56 0.56 0.56 0.56 0.56 0.15 0.15 0.15 0.15 0.15 0.14 0.14 0.14 0.14 0.14 0.07 0.07 0.07 0.07 0.07 0.07 0.07 0.07 0.07 0.07 0.15 0.15 0.15 0.15 0.15 0.16 0.16 0.16 0.16 0.16 0.16 0.16 0.16 0.16 0.16 0.18 0.18 0.18 0.18 0.18 0.12 0.12 0.12 0.12 0.12
0.17 0.22 0.22 0.22 0.22 0.22 0.14 0.14 0.14 0.14 0.14 0.24 0.24 0.24 0.24 0.24 0.21 0.21 0.21 0.21 0.21 0.17 0.17 0.17 0.17 0.17 0.09 0.09 0.09 0.09 0.09 0.16 0.16 0.16 0.16 0.16 0.16 0.16 0.16 0.16 0.16 0.18 0.18 0.18 0.18 0.18 0.56 0.56 0.56 0.56 0.56 0.15 0.15 0.15 0.15 0.15 0.14 0.14 0.14 0.14 0.14 0.07 0.07 0.07 0.07 0.07 0.07 0.07 0.07 0.07 0.07 0.15 0.15 0.15 0.15 0.15 0.16 0.16 0.16 0.16 0.16 0.16 0.16 0.16 0.16 0.16 0.18 0.18 0.18 0.18 0.18 0.12 0.12 0.12 0.12 0.12
0 0.24 0.24 0.24 0.24 0.24 0.16 0.16 0.16 0.16 0.16 0.65 0.65 0.65 0.65 0.65 0.19 0.19 0.19 0.19 0.19 0.12 0.12 0.12 0.12 0.12 0.13 0.13 0.13 0.13 0.13 0.12 0.12 0.12 0.12 0.12 0.13 0.13 0.13 0.13 0.13 0.14 0.14 0.14 0.14 0.14 0.18 0.18 0.18 0.18 0.18 0.14 0.14 0.14 0.14 0.14 0.14 0.14 0.14 0.14 0.14 0.09 0.09 0.09 0.09 0.09 0.05 0.05 0.05 0.05 0.05 0.1 0.1 0.1 0.1 0.1 0.1 0.1 0.1 0.1 0.1 0.14 0.14 0.14 0.14 0.14 0.14 0.14 0.14 0.14 0.14 0.12 0.12 0.12 0.12 0.12
2 0.24 0.24 0.24 0.24 0.24 0.16 0.16 0.16 0.16 0.16 0.65 0.65 0.65 0.65 0.65 0.19 0.19 0.19 0.19 0.19 0.12 0.12 0.12 0.12 0.12 0.13 0.13 0.13 0.13 0.13 0.12 0.12 0.12 0.12 0.12 0.13 0.13 0.13 0.13 0.13 0.14 0.14 0.14 0.14 0.14 0.18 0.18 0.18 0.18 0.18 0.14 0.14 0.14 0.14 0.14 0.14 0.14 0.14 0.14 0.14 0.09 0.09 0.09 0.09 0.09 0.05 0.05 0.05 0.05 0.05 0.1 0.1 0.1 0.1 0.1 0.1 0.1 0.1 0.1 0.1 0.14 0.14 0.14 0.14 0.14 0.14 0.14 0.14 0.14 0.14 0.12 0.12 0.12 0.12 0.12
0 0.24 0.24 0.24 0.24 0.24 0.16 0.16 0.16 0.16 0.16 0.65 0.65 0.65 0.65 0.65 0.19 0.19 0.19 0.19 0.19 0.12 0.12 0.12 0.12 0.12 0.13 0.13 0.13 0.13 0.13 0.12 0.12 0.12 0.12 0.12 0.13 0.13 0.13 0.13 0.13 0.14 0.14 0.14 0.14 0.14 0.18 0.18 0.18 0.18 0.18 0.14 0.14 0.14 0.14 0.14 0.14 0.14 0.14 0.14 0.14 0.09 0.09 0.09 0.09 0.09 0.05 0.05 0.05 0.05 0.05 0.1 0.1 0.1 0.1 0.1 0.1 0.1 0.1 0.1 0.1 0.14 0.14 0.14 0.14 0.14 0.14 0.14 0.14 0.14 0.14 0.12 0.12 0.12 0.12 0.12
0 2 2 0.24 2 2 0.16 0.16 0.16 0.16 0.16 0.65 0.65 0.65 0.65 0.65 0.19 0.19 0.19 0.19 0.19 0.12 0.12 0.12 0.12 0.12 0.13 0.13 0.13 0.13 0.13 0.12 0.12 0.12 0.12 0.12 0.13 0.13 0.13 0.13 0.13 0.14 0.14 0.14 0.14 0.14 0.18 0.18 0.18 0.18 0.18 0.14 0.14 0.14 0.14 0.14 0.14 0.14 0.14 0.14 0.14 0.09 0.09 0.09 0.09 0.09 0.05 0.05 0.05 0.05 0.05 0.1 0.1 0.1 0.1 0.1 0.1 0.1 0.1 0.1 0.1 0.14 0.14 0.14 0.14 0.14 0.14 0.14 0.14 0.14 0.14 0.12 0.12 0.12 0.12 0.12
2 2 2 2 2 2 2 2 0.16 0.16 0.16 0.65 0.65 0.65 0.65 0.65 0.19 0.19 0.19 0.19 0.19 0.12 0.12 0.12 0.12 0.12 0.13 0.13 0.13 0.13 0.13 0.12 0.12 0.12 0.12 0.12 0.13 0.13 0.13 0.13 0.13 0.14 0.14 0.14 0.14 0.14 0.18 0.18 0.18 0.18 0.18 0.14 0.14 0.14 0.14 0.14 0.14 0.14 0.14 0.14 0.14 0.09 0.09 0.09 0.09 0.09 0.05 0.05 0.05 0.05 0.05 0.1 0.1 0.1 0.1 0.1 0.1 0.1 0.1 0.1 0.1 0.14 0.14 0.14 0.14 0.14 0.14 0.14 0.14 0.14 0.14 0.12 0.12 0.12 0.12 0.12
2 2 2 2 2 2 2 2 2 2 0 0.24 0.24 0.24 0.24 0.24 0.16 0.16 0.16 0.16 0.16 0.17 0.17 0.17 0.17 0.17 0.25 0.25 0.25 0.25 0.25 0.09 0.09 0.09 0.09 0.09 0.1 0.1 0.1 0.1 0.1 0.13 0.13 0.13 0.13 0.13 0.18 0.18 0.18 0.18 0.18 0.2 0.2 0.2 0.2 0.2 0.11 0.11 0.11 0.11 0.11 0.16 0.16 0.16 0.16 0.16 0.07 0.07 0.07 0.07 0.07 0.05 0.05 0.05 0.05 0.05 0.24 0.24 0.24 0.24 0.24 0.08 0.08 0.08 0.08 0.08 0.09 0.09 0.09 0.09 0.09 0.07 0.07 0.07 0.07 0.07
2 2 2 2 2 2 2 2 2 2 2 0.24 0.24 0.24 0.24 0.24 0.16 0.16 0.16 0.16 0.16 0.17 0.17 0.17 0.17 0.17 0.25 0.25 0.25 0.25 0.25 0.09 0.09 0.09 0.09 0.09 0.1 0.1 0.1 0.1 0.1 0.13 0.13 0.13 0.13 0.13 0.18 0.18 0.18 0.18 0.18 0.2 0.2 0.2 0.2 0.2 0.11 0.11 0.11 0.11 0.11 0.16 0.16 0.16 0.16 0.16 0.07 0.07 0.07 0.07 0.07 0.05 0.05 0.05 0.05 0.05 0.24 0.24 0.24 0.24 0.24 0.08 0.08 0.08 0.08 0.08 0.09 0.09 0.09 0.09 0.09 0.07 0.07 0.07 0.07 0.07
2 2 2 2 2 2 2 2 2 2 2 2 2 0.24 0.24 0.24 0.16 0.16 0.16 0.16 0.16 0.17 0.17 0.17 0.17 0.17 0.25 0.25 0.25 0.25 0.25 0.09 0.09 0.09 0.09 0.09 0.1 0.1 0.1 0.1 0.1 0.13 0.13 0.13 0.13 0.13 0.18 0.18 0.18 0.18 0.18 0.2 0.2 0.2 0.2 0.2 0.11 0.11 0.11 0.11 0.11 0.16 0.16 0.16 0.16 0.16 0.07 0.07 0.07 0.07 0.07 0.05 0.05 0.05 0.05 0.05 0.24 0.24 0.24 0.24 0.24 0.08 0.08 0.08 0.08 0.08 0.09 0.09 0.09 0.09 0.09 0.07 0.07 0.07 0.07 0.07
2 2 2 2 2 2 2 2 2 2 2 2 2 0.24 0.24 0.24 0.16 0.16 0.16 0.16 0.16 0.17 0.17 0.17 0.17 0.17 0.25 0.25 0.25 0.25 0.25 0.09 0.09 0.09 0.09 0.09 0.1 0.1 0.1 0.1 0.1 0.13 0.13 0.13 0.13 0.13 0.18 0.18 0.18 0.18 0.18 0.2 0.2 0.2 0.2 0.2 0.11 0.11 0.11 0.11 0.11 0.16 0.16 0.16 0.16 0.16 0.07 0.07 0.07 0.07 0.07 0.05 0.05 0.05 0.05 0.05 0.24 0.24 0.24 0.24 0.24 0.08 0.08 0.08 0.08 0.08 0.09 0.09 0.09 0.09 0.09 0.07 0.07 0.07 0.07 0.07
2 2 2 2 2 2 2 2 2 2 2 2 2 2 2 0.24 0.16 0.16 0.16 0.16 0.16 0.17 0.17 0.17 0.17 0.17 0.25 0.25 0.25 0.25 0.25 0.09 0.09 0.09 0.09 0.09 0.1 0.1 0.1 0.1 0.1 0.13 0.13 0.13 0.13 0.13 0.18 0.18 0.18 0.18 0.18 0.2 0.2 0.2 0.2 0.2 0.11 0.11 0.11 0.11 0.11 0.16 0.16 0.16 0.16 0.16 0.07 0.07 0.07 0.07 0.07 0.05 0.05 0.05 0.05 0.05 0.24 0.24 0.24 0.24 0.24 0.08 0.08 0.08 0.08 0.08 0.09 0.09 0.09 0.09 0.09 0.07 0.07 0.07 0.07 0.07
