AgentSeal-Grey/Input/hsi_greySeal_Matt_large.asc
NCOLS 284 
NROWS 185 
XLLCORNER 428292.82952926 
YLLCORNER 6186935 
CELLSIZE 1000 
NODATA_value -9999 
[rows 86 to 128 of 185, columns 96 to 191 of 284]
2 2 2 2 2 2 2 2 2 0.04 0.04 0.26 0.26 0.26 0.26 0.26 0.16 0.16 0.16 0.16 0.16 0.07 0.07 0.07 0.07 0.07 0.09 0.09 0.09 0.09 0.09 0.12 0.12 0.12 0.12 0.12 0.16 0.16 0.16 0.16 0.16 0.14 0.14 0.14 0.14 0.14 0.1 0.1 0.1 0.1 0.1 0.13 0.13 0.13 0.13 0.13 0.13 0.13 0.13 0.13 0.13 0.15 0.15 0.15 0.15 0.15 0.16 0.16 0.16 0.16 0.16 0.12 0.12 0.12 0.12 0.12 0.06 0.06 0.06 0.06 0.06 0.05 0.05 0.05 0.05 0.05 0.05 0.05 0.05 0.05 0.05 0.04 0.04 0.04 0.04 0.04
2 2 2 2 2 2 2 2 2 2 0.06 0.19 0.19 0.19 0.19 0.19 0.14 0.14 0.14 0.14 0.14 0.05 0.05 0.05 0.05 0.05 0.05 0.05 0.05 0.05 0.05 0.18 0.18 0.18 0.18 0.18 0.08 0.08 0.08 0.08 0.08 0.16 0.16 0.16 0.16 0.16 0.11 0.11 0.11 0.11 0.11 0.11 0.11 0.11 0.11 0.11 0.13 0.13 0.13 0.13 0.13 0.15 0.15 0.15 0.15 0.15 0.16 0.16 0.16 0.16 0.16 0.06 0.06 0.06 0.06 0.06 0.05 0.05 0.05 0.05 0.05 0.05 0.05 0.05 0.05 0.05 0.05 0.05 0.05 0.05 0.05 0.05 0.05 0.05 0.05 0.05
2 2 2 2 2 2 2 2 2 0.06 0.06 0.19 0.19 0.19 0.19 0.19 0.14 0.14 0.14 0.14 0.14 0.05 0.05 0.05 0.05 0.05 0.05 0.05 0.05 0.05 0.05 0.18 0.18 0.18 0.18 0.18 0.08 0.08 0.08 0.08 0.08 0.16 0.16 0.16 0.16 0.16 0.11 0.11 0.11 0.11 0.11 0.11 0.11 0.11 0.11 0.11 0.13 0.13 0.13 0.13 0.13 0.15 0.15 0.15 0.15 0.15 0.16 0.16 0.16 0.16 0.16 0.06 0.06 0.06 0.06 0.06 0.05 0.05 0.05 0.05 0.05 0.05 0.05 0.05 0.05 0.05 0.05 0.05 0.05 0.05 0.05 0.05 0.05 0.05 0.05 0.05
2 2 2 2 2 2 2 2 2 0.06 0.06 0.19 0.19 0.19 0.19 0.19 0.14 0.14 0.14 0.14 0.14 0.05 0.05 0.05 0.05 0.05 0.05 0.05 0.05 0.05 0.05 0.18 0.18 0.18 0.18 0.18 0.08 0.08 0.08 0.08 0.08 0.16 0.16 0.16 0.16 0.16 0.11 0.11 0.11 0.11 0.11 0.11 0.11 0.11 0.11 0.11 0.13 0.13 0.13 0.13 0.13 0.15 0.15 0.15 0.15 0.15 0.16 0.16 0.16 0.16 0.16 0.06 0.06 0.06 0.06 0.06 0.05 0.05 0.05 0.05 0.05 0.05 0.05 0.05 0.05 0.05 0.05 0.05 0.05 0.05 0.05 0.05 0.05 0.05 0.05 0.05
2 2 2 2 2 2 2 2 0.06 0.06 0.06 0.19 0.19 0.19 0.19 0.19 0.14 0.14 0.14 0.14 0.14 0.05 0.05 0.05 0.05 0.05 0.05 0.05 0.05 0.05 0.05 0.18 0.18 0.18 0.18 0.18 0.08 0.08 0.08 0.08 0.08 0.16 0.16 0.16 0.16 0.16 0.11 0.11 0.11 0.11 0.11 0.11 0.11 0.11 0.11 0.11 0.13 0.13 0.13 0.13 0.13 0.15 0.15 0.15 0.15 0.15 0.16 0.16 0.16 0.16 0.16 0.06 0.06 0.06 0.06 0.06 0.05 0.05 0.05 0.05 0.05 0.05 0.05 0.05 0.05 0.05 0.05 0.05 0.05 0.05 0.05 0.05 0.05 0.05 0.05 0.05
2 2 2 2 2 2 0.06 0.06 0.06 0.06 0.06 0.19 0.19 0.19 0.19 0.19 0.14 0.14 0.14 0.14 0.14 0.05 0.05 0.05 0.05 0.05 0.05 0.05 0.05 0.05 0.05 0.18 0.18 0.18 0.18 0.18 0.08 0.08 0.08 0.08 0.08 0.16 0.16 0.16 0.16 0.16 0.11 0.11 0.11 0.11 0.11 0.11 0.11 0.11 0.11 0.11 0.13 0.13 0.13 0.13 0.13 0.15 0.15 0.15 0.15 0.15 0.16 0.16 0.16 0.16 0.16 0.06 0.06 0.06 0.06 0.06 0.05 0.05 0.05 0.05 0.05 0.05 0.05 0.05 0.05 0.05 0.05 0.05 0.05 0.05 0.05 0.05 0.05 0.05 0.05 0.05
2 2 2 2 2 2 0.23 0.23 0.23 0.23 0.23 0.17 0.17 0.17 0.17 0.17 0.08 0.08 0.08 0.08 0.08 0.03 0.03 0.03 0.03 0.03 0.07 0.07 0.07 0.07 0.07 0.06 0.06 0.06 0.06 0.06 0.15 0.15 0.15 0.15 0.15 0.21 0.21 0.21 0.21 0.21 0.19 0.19 0.19 0.19 0.19 0.16 0.16 0.16 0.16 0.16 0.07 0.07 0.07 0.07 0.07 0.08 0.08 0.08 0.08 0.08 0.07 0.07 0.07 0.07 0.07 0.06 0.06 0.06 0.06 0.06 0.06 0.06 0.06 0.06 0.06 0.06 0.06 0.06 0.06 0.06 0.05 0.05 0.05 0.05 0.05 0.04 0.04 0.04 0.04 0.04
2 2 2 2 2 0 0.23 0.23 0.23 0.23 0.23 0.17 0.17 0.17 0.17 0.17 0.08 0.08 0.08 0.08 0.08 0.03 0.03 0.03 0.03 0.03 0.07 0.07 0.07 0.07 0.07 0.06 0.06 0.06 0.06 0.06 0.15 0.15 0.15 0.15 0.15 0.21 0.21 0.21 0.21 0.21 0.19 0.19 0.19 0.19 0.19 0.16 0.16 0.16 0.16 0.16 0.07 0.07 0.07 0.07 0.07 0.08 0.08 0.08 0.08 0.08 0.07 0.07 0.07 0.07 0.07 0.06 0.06 0.06 0.06 0.06 0.06 0.06 0.06 0.06 0.06 0.06 0.06 0.06 0.06 0.06 0.05 0.05 0.05 0.05 0.05 0.04 0.04 0.04 0.04 0.04
2 2 2 2 2 0 0.23 0.23 0.23 0.23 0.23 0.17 0.17 0.17 0.17 0.17 0.08 0.08 0.08 0.08 0.08 0.03 0.03 0.03 0.03 0.03 0.07 0.07 0.07 0.07 0.07 0.06 0.06 0.06 0.06 0.06 0.15 0.15 0.15 0.15 0.15 0.21 0.21 0.21 0.21 0.21 0.19 0.19 0.19 0.19 0.19 0.16 0.16 0.16 0.16 0.16 0.07 0.07 0.07 0.07 0.07 0.08 0.08 0.08 0.08 0.08 0.07 0.07 0.07 0.07 0.07 0.06 0.06 0.06 0.06 0.06 0.06 0.06 0.06 0.06 0.06 0.06 0.06 0.06 0.06 0.06 0.05 0.05 0.05 0.05 0.05 0.04 0.04 0.04 0.04 0.04
2 2 2 2 2 2 2 0.23 0.23 0.23 0.23 0.17 0.17 0.17 0.17 0.17 0.08 0.08 0.08 0.08 0.08 0.03 0.03 0.03 0.03 0.03 0.07 0.07 0.07 0.07 0.07 0.06 0.06 0.06 0.06 0.06 0.15 0.15 0.15 0.15 0.15 0.21 0.21 0.21 0.21 0.21 0.19 0.19 0.19 0.19 0.19 0.16 0.16 0.16 0.16 0.16 0.07 0.07 0.07 0.07 0.07 0.08 0.08 0.08 0.08 0.08 0.07 0.07 0.07 0.07 0.07 0.06 0.06 0.06 0.06 0.06 0.06 0.06 0.06 0.06 0.06 0.06 0.06 0.06 0.06 0.06 0.05 0.05 0.05 0.05 0.05 0.04 0.04 0.04 0.04 0.04
2 2 2 2 2 2 2 0.23 0.23 0.23 0.23 0.17 0.17 0.17 0.17 0.17 0.08 0.08 0.08 0.08 0.08 0.03 0.03 0.03 0.03 0.03 0.07 0.07 0.07 0.07 0.07 0.06 0.06 0.06 0.06 0.06 0.15 0.15 0.15 0.15 0.15 0.21 0.21 0.21 0.21 0.21 0.19 0.19 0.19 0.19 0.19 0.16 0.16 0.16 0.16 0.16 0.07 0.07 0.07 0.07 0.07 0.08 0.08 0.08 0.08 0.08 0.07 0.07 0.07 0.07 0.07 0.06 0.06 0.06 0.06 0.06 0.06 0.06 0.06 0.06 0.06 0.06 0.06 0.06 0.06 0.06 0.05 0.05 0.05 0.05 0.05 0.04 0.04 0.04 0.04 0.04
2 2 2 2 2 2 0.19 0.19 0.19 0.19 0.19 0.12 0.12 0.12 0.12 0.12 0.09 0.09 0.09 0.09 0.09 0.06 0.06 0.06 0.06 0.06 0.08 0.08 0.08 0.08 0.08 0.13 0.13 0.13 0.13 0.13 0.2 0.2 0.2 0.2 0.2 0.17 0.17 0.17 0.17 0.17 0.19 0.19 0.19 0.19 0.19 0.19 0.19 0.19 0.19 0.19 0.19 0.19 0.19 0.19 0.19 0.08 0.08 0.08 0.08 0.08 0.09 0.09 0.09 0.09 0.09 0.06 0.06 0.06 0.06 0.06 0.06 0.06 0.06 0.06 0.06 0.06 0.06 0.06 0.06 0.06 0.06 0.06 0.06 0.06 0.06 0.08 0.08 0.08 0.08 0.08
2 2 2 2 2 2 0.19 0.19 0.19 0.19 0.19 0.12 0.12 0.12 0.12 0.12 0.09 0.09 0.09 0.09 0.09 0.06 0.06 0.06 0.06 0.06 0.08 0.08 0.08 0.08 0.08 0.13 0.13 0.13 0.13 0.13 0.2 0.2 0.2 0.2 0.2 0.17 0.17 0.17 0.17 0.17 0.19 0.19 0.19 0.19 0.19 0.19 0.19 0.19 0.19 0.19 0.19 0.19 0.19 0.19 0.19 0.08 0.08 0.08 0.08 0.08 0.09 0.09 0.09 0.09 0.09 0.06 0.06 0.06 0.06 0.06 0.06 0.06 0.06 0.06 0.06 0.06 0.06 0.06 0.06 0.06 0.06 0.06 0.06 0.06 0.06 0.08 0.08 0.08 0.08 0.08
2 2 2 2 2 0.01 0.19 0.19 0.19 0.19 0.19 0.12 0.12 0.12 0.12 0.12 0.09 0.09 0.09 0.09 0.09 0.06 0.06 0.06 0.06 0.06 0.08 0.08 0.08 0.08 0.08 0.13 0.13 0.13 0.13 0.13 0.2 0.2 0.2 0.2 0.2 0.17 0.17 0.17 0.17 0.17 0.19 0.19 0.19 0.19 0.19 0.19 0.19 0.19 0.19 0.19 0.19 0.19 0.19 0.19 0.19 0.08 0.08 0.08 0.08 0.08 0.09 0.09 0.09 0.09 0.09 0.06 0.06 0.06 0.06 0.06 0.06 0.06 0.06 0.06 0.06 0.06 0.06 0.06 0.06 0.06 0.06 0.06 0.06 0.06 0.06 0.08 0.08 0.08 0.08 0.08
2 2 2 2 2 0.01 0.19 0.19 0.19 0.19 0.19 0.12 0.12 0.12 0.12 0.12 0.09 0.09 0.09 0.09 0.09 0.06 0.06 0.06 0.06 0.06 0.08 0.08 0.08 0.08 0.08 0.13 0.13 0.13 0.13 0.13 0.2 0.2 0.2 0.2 0.2 0.17 0.17 0.17 0.17 0.17 0.19 0.19 0.19 0.19 0.19 0.19 0.19 0.19 0.19 0.19 0.19 0.19 0.19 0.19 0.19 0.08 0.08 0.08 0.08 0.08 0.09 0.09 0.09 0.09 0.09 0.06 0.06 0.06 0.06 0.06 0.06 0.06 0.06 0.06 0.06 0.06 0.06 0.06 0.06 0.06 0.06 0.06 0.06 0.06 0.06 0.08 0.08 0.08 0.08 0.08
2 2 2 0.01 0.01 0.01 0.19 0.19 0.19 0.19 0.19 0.12 0.12 0.12 0.12 0.12 0.09 0.09 0.09 0.09 0.09 0.06 0.06 0.06 0.06 0.06 0.08 0.08 0.08 0.08 0.08 0.13 0.13 0.13 0.13 0.13 0.2 0.2 0.2 0.2 0.2 0.17 0.17 0.17 0.17 0.17 0.19 0.19 0.19 0.19 0.19 0.19 0.19 0.19 0.19 0.19 0.19 0.19 0.19 0.19 0.19 0.08 0.08 0.08 0.08 0.08 0.09 0.09 0.09 0.09 0.09 0.06 0.06 0.06 0.06 0.06 0.06 0.06 0.06 0.06 0.06 0.06 0.06 0.06 0.06 0.06 0.06 0.06 0.06 0.06 0.06 0.08 0.08 0.08 0.08 0.08
2 2 2 0.3 0.3 0.3 0.14 0.14 0.14 0.14 0.14 0.1 0.1 0.1 0.1 0.1 0.08 0.08 0.08 0.08 0.08 0.09 0.09 0.09 0.09 0.09 0.17 0.17 0.17 0.17 0.17 0.18 0.18 0.18 0.18 0.18 0.11 0.11 0.11 0.11 0.11 0.09 0.09 0.09 0.09 0.09 0.16 0.16 0.16 0.16 0.16 0.19 0.19 0.19 0.19 0.19 0.23 0.23 0.23 0.23 0.23 0.06 0.06 0.06 0.06 0.06 0.08 0.08 0.08 0.08 0.08 0.13 0.13 0.13 0.13 0.13 0.14 0.14 0.14 0.14 0.14 0.06 0.06 0.06 0.06 0.06 0.06 0.06 0.06 0.06 0.06 0.11 0.11 0.11 0.11 0.11
2 0.3 0.3 0.3 0.3 0.3 0.14 0.14 0.14 0.14 0.14 0.1 0.1 0.1 0.1 0.1 0.08 0.08 0.08 0.08 0.08 0.09 0.09 0.09 0.09 0.09 0.17 0.17 0.17 0.17 0.17 0.18 0.18 0.18 0.18 0.18 0.11 0.11 0.11 0.11 0.11 0.09 0.09 0.09 0.09 0.09 0.16 0.16 0.16 0.16 0.16 0.19 0.19 0.19 0.19 0.19 0.23 0.23 0.23 0.23 0.23 0.06 0.06 0.06 0.06 0.06 0.08 0.08 0.08 0.08 0.08 0.13 0.13 0.13 0.13 0.13 0.14 0.14 0.14 0.14 0.14 0.06 0.06 0.06 0.06 0.06 0.06 0.06 0.06 0.06 0.06 0.11 0.11 0.11 0.11 0.11
0.03 0.3 0.3 0.3 0.3 0.3 0.14 0.14 0.14 0.14 0.14 0.1 0.1 0.1 0.1 0.1 0.08 0.08 0.08 0.08 0.08 0.09 0.09 0.09 0.09 0.09 0.17 0.17 0.17 0.17 0.17 0.18 0.18 0.18 0.18 0.18 0.11 0.11 0.11 0.11 0.11 0.09 0.09 0.09 0.09 0.09 0.16 0.16 0.16 0.16 0.16 0.19 0.19 0.19 0.19 0.19 0.23 0.23 0.23 0.23 0.23 0.06 0.06 0.06 0.06 0.06 0.08 0.08 0.08 0.08 0.08 0.13 0.13 0.13 0.13 0.13 0.14 0.14 0.14 0.14 0.14 0.06 0.06 0.06 0.06 0.06 0.06 0.06 0.06 0.06 0.06 0.11 0.11 0.11 0.11 0.11
0.03 0.3 0.3 0.3 0.3 0.3 0.14 0.14 0.14 0.14 0.14 0.1 0.1 0.1 0.1 0.1 0.08 0.08 0.08 0.08 0.08 0.09 0.09 0.09 0.09 0.09 0.17 0.17 0.17 0.17 0.17 0.18 0.18 0.18 0.18 0.18 0.11 0.11 0.11 0.11 0.11 0.09 0.09 0.09 0.09 0.09 0.16 0.16 0.16 0.16 0.16 0.19 0.19 0.19 0.19 0.19 0.23 0.23 0.23 0.23 0.23 0.06 0.06 0.06 0.06 0.06 0.08 0.08 0.08 0.08 0.08 0.13 0.13 0.13 0.13 0.13 0.14 0.14 0.14 0.14 0.14 0.06 0.06 0.06 0.06 0.06 0.06 0.06 0.06 0.06 0.06 0.11 0.11 0.11 0.11 0.11
0.03 0.3 0.3 0.3 0.3 0.3 0.14 0.14 0.14 0.14 0.14 0.1 0.1 0.1 0.1 0.1 0.08 0.08 0.08 0.08 0.08 0.09 0.09 0.09 0.09 0.09 0.17 0.17 0.17 0.17 0.17 0.18 0.18 0.18 0.18 0.18 0.11 0.11 0.11 0.11 0.11 0.09 0.09 0.09 0.09 0.09 0.16 0.16 0.16 0.16 0.16 0.19 0.19 0.19 0.19 0.19 0.23 0.23 0.23 0.23 0.23 0.06 0.06 0.06 0.06 0.06 0.08 0.08 0.08 0.08 0.08 0.13 0.13 0.13 0.13 0.13 0.14 0.14 0.14 0.14 0.14 0.06 0.06 0.06 0.06 0.06 0.06 0.06 0.06 0.06 0.06 0.11 0.11 0.11 0.11 0.11
0.34 0.23 0.23 0.23 0.23 0.23 0.18 0.18 0.18 0.18 0.18 0.11 0.11 0.11 0.11 0.11 0.11 0.11 0.11 0.11 0.11 0.2 0.2 0.2 0.2 0.2 0.21 0.21 0.21 0.21 0.21 0.18 0.18 0.18 0.18 0.18 0.1 0.1 0.1 0.1 0.1 0.08 0.08 0.08 0.08 0.08 0.22 0.22 0.22 0.22 0.22 0.22 0.22 0.22 0.22 0.22 0.11 0.11 0.11 0.11 0.11 0.08 0.08 0.08 0.08 0.08 0.16 0.16 0.16 0.16 0.16 0.15 0.15 0.15 0.15 0.15 0.14 0.14 0.14 0.14 0.14 0.06 0.06 0.06 0.06 0.06 0.05 0.05 0.05 0.05 0.05 0.17 0.17 0.17 0.17 0.17
0.34 0.23 0.23 0.23 0.23 0.23 0.18 0.18 0.18 0.18 0.18 0.11 0.11 0.11 0.11 0.11 0.11 0.11 0.11 0.11 0.11 0.2 0.2 0.2 0.2 0.2 0.21 0.21 0.21 0.21 0.21 0.18 0.18 0.18 0.18 0.18 0.1 0.1 0.1 0.1 0.1 0.08 0.08 0.08 0.08 0.08 0.22 0.22 0.22 0.22 0.22 0.22 0.22 0.22 0.22 0.22 0.11 0.11 0.11 0.11 0.11 0.08 0.08 0.08 0.08 0.08 0.16 0.16 0.16 0.16 0.16 0.15 0.15 0.15 0.15 0.15 0.14 0.14 0.14 0.14 0.14 0.06 0.06 0.06 0.06 0.06 0.05 0.05 0.05 0.05 0.05 0.17 0.17 0.17 0.17 0.17
0.34 0.23 0.23 0.23 0.23 0.23 0.18 0.18 0.18 0.18 0.18 0.11 0.11 0.11 0.11 0.11 0.11 0.11 0.11 0.11 0.11 0.2 0.2 0.2 0.2 0.2 0.21 0.21 0.21 0.21 0.21 0.18 0.18 0.18 0.18 0.18 0.1 0.1 0.1 0.1 0.1 0.08 0.08 0.08 0.08 0.08 0.22 0.22 0.22 0.22 0.22 0.22 0.22 0.22 0.22 0.22 0.11 0.11 0.11 0.11 0.11 0.08 0.08 0.08 0.08 0.08 0.16 0.16 0.16 0.16 0.16 0.15 0.15 0.15 0.15 0.15 0.14 0.14 0.14 0.14 0.14 0.06 0.06 0.06 0.06 0.06 0.05 0.05 0.05 0.05 0.05 0.17 0.17 0.17 0.17 0.17
0.34 0.23 0.23 0.23 0.23 0.23 0.18 0.18 0.18 0.18 0.18 0.11 0.11 0.11 0.11 0.11 0.11 0.11 0.11 0.11 0.11 0.2 0.2 0.2 0.2 0.2 0.21 0.21 0.21 0.21 0.21 0.18 0.18 0.18 0.18 0.18 0.1 0.1 0.1 0.1 0.1 0.08 0.08 0.08 0.08 0.08 0.22 0.22 0.22 0.22 0.22 0.22 0.22 0.22 0.22 0.22 0.11 0.11 0.11 0.11 0.11 0.08 0.08 0.08 0.08 0.08 0.16 0.16 0.16 0.16 0.16 0.15 0.15 0.15 0.15 0.15 0.14 0.14 0.14 0.14 0.14 0.06 0.06 0.06 0.06 0.06 0.05 0.05 0.05 0.05 0.05 0.17 0.17 0.17 0.17 0.17
0.34 0.23 0.23 0.23 0.23 0.23 0.18 0.18 0.18 0.18 0.18 0.11 0.11 0.11 0.11 0.11 0.11 0.11 0.11 0.11 0.11 0.2 0.2 0.2 0.2 0.2 0.21 0.21 0.21 0.21 0.21 0.18 0.18 0.18 0.18 0.18 0.1 0.1 0.1 0.1 0.1 0.08 0.08 0.08 0.08 0.08 0.22 0.22 0.22 0.22 0.22 0.22 0.22 0.22 0.22 0.22 0.11 0.11 0.11 0.11 0.11 0.08 0.08 0.08 0.08 0.08 0.16 0.16 0.16 0.16 0.16 0.15 0.15 0.15 0.15 0.15 0.14 0.14 0.14 0.14 0.14 0.06 0.06 0.06 0.06 0.06 0.05 0.05 0.05 0.05 0.05 0.17 0.17 0.17 0.17 0.17
0.48 0.28 0.28 0.28 0.28 0.28 0.19 0.19 0.19 0.19 0.19 0.15 0.15 0.15 0.15 0.15 0.26 0.26 0.26 0.26 0.26 0.27 0.27 0.27 0.27 0.27 0.12 0.12 0.12 0.12 0.12 0.24 0.24 0.24 0.24 0.24 0.37 0.37 0.37 0.37 0.37 0.13 0.13 0.13 0.13 0.13 0.26 0.26 0.26 0.26 0.26 0.11 0.11 0.11 0.11 0.11 0.11 0.11 0.11 0.11 0.11 0.09 0.09 0.09 0.09 0.09 0.18 0.18 0.18 0.18 0.18 0.2 0.2 0.2 0.2 0.2 0.08 0.08 0.08 0.08 0.08 0.06 0.06 0.06 0.06 0.06 0.07 0.07 0.07 0.07 0.07 0.06 0.06 0.06 0.06 0.06
0.48 0.28 0.28 0.28 0.28 0.28 0.19 0.19 0.19 0.19 0.19 0.15 0.15 0.15 0.15 0.15 0.26 0.26 0.26 0.26 0.26 0.27 0.27 0.27 0.27 0.27 0.12 0.12 0.12 0.12 0.12 0.24 0.24 0.24 0.24 0.24 0.37 0.37 0.37 0.37 0.37 0.13 0.13 0.13 0.13 0.13 0.26 0.26 0.26 0.26 0.26 0.11 0.11 0.11 0.11 0.11 0.11 0.11 0.11 0.11 0.11 0.09 0.09 0.09 0.09 0.09 0.18 0.18 0.18 0.18 0.18 0.2 0.2 0.2 0.2 0.2 0.08 0.08 0.08 0.08 0.08 0.06 0.06 0.06 0.06 0.06 0.07 0.07 0.07 0.07 0.07 0.06 0.06 0.06 0.06 0.06
0.48 0.28 0.28 0.28 0.28 0.28 0.19 0.19 0.19 0.19 0.19 0.15 0.15 0.15 0.15 0.15 0.26 0.26 0.26 0.26 0.26 0.27 0.27 0.27 0.27 0.27 0.12 0.12 0.12 0.12 0.12 0.24 0.24 0.24 0.24 0.24 0.37 0.37 0.37 0.37 0.37 0.13 0.13 0.13 0.13 0.13 0.26 0.26 0.26 0.26 0.26 0.11 0.11 0.11 0.11 0.11 0.11 0.11 0.11 0.11 0.11 0.09 0.09 0.09 0.09 0.09 0.18 0.18 0.18 0.18 0.18 0.2 0.2 0.2 0.2 0.2 0.08 0.08 0.08 0.08 0.08 0.06 0.06 0.06 0.06 0.06 0.07 0.07 0.07 0.07 0.07 0.06 0.06 0.06 0.06 0.06
0.48 0.28 0.28 0.28 0.28 0.28 0.19 0.19 0.19 0.19 0.19 0.15 0.15 0.15 0.15 0.15 0.26 0.26 0.26 0.26 0.26 0.27 0.27 0.27 0.27 0.27 0.12 0.12 0.12 0.12 0.12 0.24 0.24 0.24 0.24 0.24 0.37 0.37 0.37 0.37 0.37 0.13 0.13 0.13 0.13 0.13 0.26 0.26 0.26 0.26 0.26 0.11 0.11 0.11 0.11 0.11 0.11 0.11 0.11 0.11 0.11 0.09 0.09 0.09 0.09 0.09 0.18 0.18 0.18 0.18 0.18 0.2 0.2 0.2 0.2 0.2 0.08 0.08 0.08 0.08 0.08 0.06 0.06 0.06 0.06 0.06 0.07 0.07 0.07 0.07 0.07 0.06 0.06 0.06 0.06 0.06
0.48 0.28 0.28 0.28 0.28 0.28 0.19 0.19 0.19 0.19 0.19 0.15 0.15 0.15 0.15 0.15 0.26 0.26 0.26 0.26 0.26 0.27 0.27 0.27 0.27 0.27 0.12 0.12 0.12 0.12 0.12 0.24 0.24 0.24 0.24 0.24 0.37 0.37 0.37 0.37 0.37 0.13 0.13 0.13 0.13 0.13 0.26 0.26 0.26 0.26 0.26 0.11 0.11 0.11 0.11 0.11 0.11 0.11 0.11 0.11 0.11 0.09 0.09 0.09 0.09 0.09 0.18 0.18 0.18 0.18 0.18 0.2 0.2 0.2 0.2 0.2 0.08 0.08 0.08 0.08 0.08 0.06 0.06 0.06 0.06 0.06 0.07 0.07 0.07 0.07 0.07 0.06 0.06 0.06 0.06 0.06
0.41 0.31 0.31 0.31 0.31 0.31 0.24 0.24 0.24 0.24 0.24 0.49 0.49 0.49 0.49 0.49 0.32 0.32 0.32 0.32 0.32 0.13 0.13 0.13 0.13 0.13 0.14 0.14 0.14 0.14 0.14 0.11 0.11 0.11 0.11 0.11 0.33 0.33 0.33 0.33 0.33 0.32 0.32 0.32 0.32 0.32 0.19 0.19 0.19 0.19 0.19 0.12 0.12 0.12 0.12 0.12 0.24 0.24 0.24 0.24 0.24 0.11 0.11 0.11 0.11 0.11 0.21 0.21 0.21 0.21 0.21 0.09 0.09 0.09 0.09 0.09 0.08 0.08 0.08 0.08 0.08 0.07 0.07 0.07 0.07 0.07 0.07 0.07 0.07 0.07 0.07 0.07 0.07 0.07 0.07 0.07
0.41 0.31 0.31 0.31 0.31 0.31 0.24 0.24 0.24 0.24 0.24 0.49 0.49 0.49 0.49 0.49 0.32 0.32 0.32 0.32 0.32 0.13 0.13 0.13 0.13 0.13 0.14 0.14 0.14 0.14 0.14 0.11 0.11 0.11 0.11 0.11 0.33 0.33 0.33 0.33 0.33 0.32 0.32 0.32 0.32 0.32 0.19 0.19 0.19 0.19 0.19 0.12 0.12 0.12 0.12 0.12 0.24 0.24 0.24 0.24 0.24 0.11 0.11 0.11 0.11 0.11 0.21 0.21 0.21 0.21 0.21 0.09 0.09 0.09 0.09 0.09 0.08 0.08 0.08 0.08 0.08 0.07 0.07 0.07 0.07 0.07 0.07 0.07 0.07 0.07 0.07 0.07 0.07 0.07 0.07 0.07
0.41 0.31 0.31 0.31 0.31 0.31 0.24 0.24 0.24 0.24 0.24 0.49 0.49 0.49 0.49 0.49 0.32 0.32 0.32 0.32 0.32 0.13 0.13 0.13 0.13 0.13 0.14 0.14 0.14 0.14 0.14 0.11 0.11 0.11 0.11 0.11 0.33 0.33 0.33 0.33 0.33 0.32 0.32 0.32 0.32 0.32 0.19 0.19 0.19 0.19 0.19 0.12 0.12 0.12 0.12 0.12 0.24 0.24 0.24 0.24 0.24 0.11 0.11 0.11 0.11 0.11 0.21 0.21 0.21 0.21 0.21 0.09 0.09 0.09 0.09 0.09 0.08 0.08 0.08 0.08 0.08 0.07 0.07 0.07 0.07 0.07 0.07 0.07 0.07 0.07 0.07 0.07 0.07 0.07 0.07 0.07
0.41 0.31 0.31 0.31 0.31 0.31 0.24 0.24 0.24 0.24 0.24 0.49 0.49 0.49 0.49 0.49 0.32 0.32 0.32 0.32 0.32 0.13 0.13 0.13 0.13 0.13 0.14 0.14 0.14 0.14 0.14 0.11 0.11 0.11 0.11 0.11 0.33 0.33 0.33 0.33 0.33 0.32 0.32 0.32 0.32 0.32 0.19 0.19 0.19 0.19 0.19 0.12 0.12 0.12 0.12 0.12 0.24 0.24 0.24 0.24 0.24 0.11 0.11 0.11 0.11 0.11 0.21 0.21 0.21 0.21 0.21 0.09 0.09 0.09 0.09 0.09 0.08 0.08 0.08 0.08 0.08 0.07 0.07 0.07 0.07 0.07 0.07 0.07 0.07 0.07 0.07 0.07 0.07 0.07 0.07 0.07
0.41 0.31 0.31 0.31 0.31 0.31 0.24 0.24 0.24 0.24 0.24 0.49 0.49 0.49 0.49 0.49 0.32 0.32 0.32 0.32 0.32 0.13 0.13 0.13 0.13 0.13 0.14 0.14 0.14 0.14 0.14 0.11 0.11 0.11 0.11 0.11 0.33 0.33 0.33 0.33 0.33 0.32 0.32 0.32 0.32 0.32 0.19 0.19 0.19 0.19 0.19 0.12 0.12 0.12 0.12 0.12 0.24 0.24 0.24 0.24 0.24 0.11 0.11 0.11 0.11 0.11 0.21 0.21 0.21 0.21 0.21 0.09 0.09 0.09 0.09 0.09 0.08 0.08 0.08 0.08 0.08 0.07 0.07 0.07 0.07 0.07 0.07 0.07 0.07 0.07 0.07 0.07 0.07 0.07 0.07 0.07
0.54 0.36 0.36 0.36 0.36 0.36 0.27 0.27 0.27 0.27 0.27 0.21 0.21 0.21 0.21 0.21 0.19 0.19 0.19 0.19 0.19 0.14 0.14 0.14 0.14 0.14 0.14 0.14 0.14 0.14 0.14 0.16 0.16 0.16 0.16 0.16 0.14 0.14 0.14 0.14 0.14 0.48 0.48 0.48 0.48 0.48 0.24 0.24 0.24 0.24 0.24 0.16 0.16 0.16 0.16 0.16 0.31 0.31 0.31 0.31 0.31 0.31 0.31 0.31 0.31 0.31 0.18 0.18 0.18 0.18 0.18 0.11 0.11 0.11 0.11 0.11 0.09 0.09 0.09 0.09 0.09 0.09 0.09 0.09 0.09 0.09 0.08 0.08 0.08 0.08 0.08 0.08 0.08 0.08 0.08 0.08
0.54 0.36 0.36 0.36 0.36 0.36 0.27 0.27 0.27 0.27 0.27 0.21 0.21 0.21 0.21 0.21 0.19 0.19 0.19 0.19 0.19 0.14 0.14 0.14 0.14 0.14 0.14 0.14 0.14 0.14 0.14 0.16 0.16 0.16 0.16 0.16 0.14 0.14 0.14 0.14 0.14 0.48 0.48 0.48 0.48 0.48 0.24 0.24 0.24 0.24 0.24 0.16 0.16 0.16 0.16 0.16 0.31 0.31 0.31 0.31 0.31 0.31 0.31 0.31 0.31 0.31 0.18 0.18 0.18 0.18 0.18 0.11 0.11 0.11 0.11 0.11 0.09 0.09 0.09 0.09 0.09 0.09 0.09 0.09 0.09 0.09 0.08 0.08 0.08 0.08 0.08 0.08 0.08 0.08 0.08 0.08
0.54 0.36 0.36 0.36 0.36 0.36 0.27 0.27 0.27 0.27 0.27 0.21 0.21 0.21 0.21 0.21 0.19 0.19 0.19 0.19 0.19 0.14 0.14 0.14 0.14 0.14 0.14 0.14 0.14 0.14 0.14 0.16 0.16 0.16 0.16 0.16 0.14 0.14 0.14 0.14 0.14 0.48 0.48 0.48 0.48 0.48 0.24 0.24 0.24 0.24 0.24 0.16 0.16 0.16 0.16 0.16 0.31 0.31 0.31 0.31 0.31 0.31 0.31 0.31 0.31 0.31 0.18 0.18 0.18 0.18 0.18 0.11 0.11 0.11 0.11 0.11 0.09 0.09 0.09 0.09 0.09 0.09 0.09 0.09 0.09 0.09 0.08 0.08 0.08 0.08 0.08 0.08 0.08 0.08 0.08 0.08
0.54 0.36 0.36 0.36 0.36 0.36 0.27 0.27 0.27 0.27 0.27 0.21 0.21 0.21 0.21 0.21 0.19 0.19 0.19 0.19 0.19 0.14 0.14 0.14 0.14 0.14 0.14 0.14 0.14 0.14 0.14 0.16 0.16 0.16 0.16 0.16 0.14 0.14 0.14 0.14 0.14 0.48 0.48 0.48 0.48 0.48 0.24 0.24 0.24 0.24 0.24 0.16 0.16 0.16 0.16 0.16 0.31 0.31 0.31 0.31 0.31 0.31 0.31 0.31 0.31 0.31 0.18 0.18 0.18 0.18 0.18 0.11 0.11 0.11 0.11 0.11 0.09 0.09 0.09 0.09 0.09 0.09 0.09 0.09 0.09 0.09 0.08 0.08 0.08 0.08 0.08 0.08 0.08 0.08 0.08 0.08
0.54 0.36 0.36 0.36 0.36 0.36 0.27 0.27 0.27 0.27 0.27 0.21 0.21 0.21 0.21 0.21 0.19 0.19 0.19 0.19 0.19 0.14 0.14 0.14 0.14 0.14 0.14 0.14 0.14 0.14 0.14 0.16 0.16 0.16 0.16 0.16 0.14 0.14 0.14 0.14 0.14 0.48 0.48 0.48 0.48 0.48 0.24 0.24 0.24 0.24 0.24 0.16 0.16 0.16 0.16 0.16 0.31 0.31 0.31 0.31 0.31 0.31 0.31 0.31 0.31 0.31 0.18 0.18 0.18 0.18 0.18 0.11 0.11 0.11 0.11 0.11 0.09 0.09 0.09 0.09 0.09 0.09 0.09 0.09 0.09 0.09 0.08 0.08 0.08 0.08 0.08 0.08 0.08 0.08 0.08 0.08
0.6 0.36 0.36 0.36 0.36 0.36 0.51 0.51 0.51 0.51 0.51 0.19 0.19 0.19 0.19 0.19 0.29 0.29 0.29 0.29 0.29 0.15 0.15 0.15 0.15 0.15 0.14 0.14 0.14 0.14 0.14 0.19 0.19 0.19 0.19 0.19 0.16 0.16 0.16 0.16 0.16 0.26 0.26 0.26 0.26 0.26 0.16 0.16 0.16 0.16 0.16 0.19 0.19 0.19 0.19 0.19 0.14 0.14 0.14 0.14 0.14 0.13 0.13 0.13 0.13 0.13 0.11 0.11 0.11 0.11 0.11 0.09 0.09 0.09 0.09 0.09 0.09 0.09 0.09 0.09 0.09 0.09 0.09 0.09 0.09 0.09 0.08 0.08 0.08 0.08 0.08 0.07 0.07 0.07 0.07 0.07
0.6 0.36 0.36 0.36 0.36 0.36 0.51 0.51 0.51 0.51 0.51 0.19 0.19 0.19 0.19 0.19 0.29 0.29 0.29 0.29 0.29 0.15 0.15 0.15 0.15 0.15 0.14 0.14 0.14 0.14 0.14 0.19 0.19 0.19 0.19 0.19 0.16 0.16 0.16 0.16 0.16 0.26 0.26 0.26 0.26 0.26 0.16 0.16 0.16 0.16 0.16 0.19 0.19 0.19 0.19 0.19 0.14 0.14 0.14 0.14 0.14 0.13 0.13 0.13 0.13 0.13 0.11 0.11 0.11 0.11 0.11 0.09 0.09 0.09 0.09 0.09 0.09 0.09 0.09 0.09 0.09 0.09 0.09 0.09 0.09 0.09 0.08 0.08 0.08 0.08 0.08 0.07 0.07 0.07 0.07 0.07
