ho_distance_noBay_id_1.asc
NCOLS 174 
NROWS 185 
XLLCORNER 428292.82952926 
YLLCORNER 6186935.0366855 
CELLSIZE 1000 
NODATA_value -9999 
[rows 116 to 144 of 185, columns 64 to 127 of 174]
0 118921.328521592 118346.390043799 117777.135707477 117213.648328665 116656.011476368 116104.309449017 115558.627249079 115019.050555767 114485.665695792 113958.559612112 0 0 0 0 0 110932.715026805 0 0 109511.753891506 109052.326428428 108600.163713094 108155.356860256 107717.996995061 107288.175190402 106865.982402002 106451.509401246 106044.846705825 105646.084508232 105255.312602163 104872.620306911 104498.09638982 104131.828986889 103773.905521635 103424.412622319 103083.436037659 102751.060551163 102427.369894219 102112.446658112 101806.372205104 101509.226578783 101221.088413834 100942.034845449 100672.141418559 100411.481997115 100160.128673616 99918.1516791313 99685.6192940206 99462.5977596148 99249.151191078 99045.3414917026 98851.2282688814 98666.8687520032 98492.3177125178 98327.627386417 98172.847399373 98028.0246947734 97893.2034648863 97768.425085383 97653.7280534372 97549.1479296113 97454.7172837298 97370.4656449286 97296.4194560557
0 119738.933952034 119167.940164408 118602.629069033 118043.082309575 117489.38224454 116941.611923481 116399.855061424 115864.196011448 115334.719735376 0 0 0 0 0 0 0 0 0 110399.067781494 109943.348257552 109494.865108552 109053.70761326 108619.965030638 108193.726538628 107775.081170807 107364.117750916 106960.924825335 106565.590593538 106178.20283659 105798.848843769 105427.615337373 105064.588395823 104709.853375134 104363.494828894 104025.596426837 103696.240872163 103375.509817733 103063.483781283 102760.242059822 102465.862643379 102180.422128264 101903.995630048 101636.656696427 101378.477220196 101129.527352521 100889.875416728 100659.587822827 100438.728982997 100227.361228252 100025.54472652 99833.3374023702 99650.7948586163 99477.9703000244 99314.9144593654 99161.6755260296 99018.2990774337 98884.828013435 98761.3024939685 98647.7598801091 98544.2346787583 98450.7584911396 98367.3599652813 98294.0647526479
0 0 119992.199286691 119430.789785195 118875.141252383 118325.334847752 117781.452384877 117243.576305696 0 0 0 0 0 0 0 0 0 0 0 111288.292707058 110836.229423011 110391.373810497 109953.813352823 109523.635485159 109100.927534758 108685.776659152 108278.26978236 107878.493529155 107486.53415744 107102.477488791 106726.408837249 106358.41293642 105998.573864994 105646.974970754 105303.698793203 104968.826984911 104642.440231709 104324.618171864 104015.439314381 103714.980956573 103423.319101065 103140.528372407 102866.681933451 102601.851401699 102346.106765792 102099.516302348 101862.146493346 101634.061944264 101415.325303176 101205.997181034 101006.13607334 100815.798283426 100635.037847576 100463.906462179 100302.453413165 100150.725507899 100008.767009783 99876.6195757326 99754.3221967556 99641.9111418115 99539.419905137 99446.8791572149 99364.3166995487 99291.7574233971
0 0 0 120261.562751132 119709.770421645 0 0 0 0 0 0 0 0 0 0 0 0 0 0 112179.383222947 111730.92534898 111289.646141939 110855.631329475 110428.966564552 110009.737367078 109598.029063629 109193.926725301 108797.515103742 108408.878565399 108028.101024067 107655.265871784 107290.455908171 106933.753268281 106585.239349077 106244.994734616 105913.099120067 105589.63123468 105274.66876383 104968.288270281 104670.565114798 104381.57337629 104101.385771604 103830.073575178 103567.706538695 103314.352810942 103070.078858039 102834.949384248 102609.027253548 102392.373412173 102185.046812322 101987.10433724 101798.600727876 101619.58851133 101450.11793128 101290.236880605 101139.990836402 100999.422797589 100868.573225285 100747.479986167 100636.178298968 100534.700684292 100443.076917918 100361.333987733 100289.496054451
0 0 0 0 0 0 0 0 0 0 0 0 0 0 0 0 0 0 0 113072.295222613 112627.392786872 112189.63974016 111759.120093554 111335.917758574 110920.116490213 110511.799828168 110111.051036304 109717.953040412 109332.588364296 108955.039064263 108585.386662081 108223.712076477 107870.095553265 107524.616594197 107187.353884624 106858.385220095 106537.787431994 106225.636312348 105922.006537932 105626.971593813 105340.60369648 105062.973716706 104794.15110232 104534.203801026 104283.19818347 104041.198966714 103808.269138301 103584.4698811 103369.860499117 103164.498344467 102968.438745685 102781.734937597 102604.437992911 102436.596755747 102278.257777291 102129.465253748 101990.260966796 101860.68422671 101740.771818343 101630.55795011 101530.074206164 101439.349501895 101358.410042908 101287.279287602
0 0 0 0 0 0 0 0 0 0 0 0 0 0 0 0 0 0 0 113966.985893016 113525.589769872 113091.313511056 112664.239449412 112244.449794958 111832.026579292 111427.051598299 111029.606353209 110639.771990035 110257.629237462 109883.258343226 109516.739009078 109158.150324385 108807.570698457 108465.077791694 108130.748445651 107804.658612117 107486.883281327 107177.496409425 106876.570845301 106584.17825695 106300.389057462 106025.272330828 105758.895757685 105501.325541167 105252.626333037 105012.861160243 104782.091352096 104560.376468227 104347.774227513 104144.340438136 103950.128928987 103765.191482556 103589.577769532 103423.335285266 103266.509288283 103119.142741033 102981.276253036 102852.948026601 102734.193805281 102625.046825225 102525.537769563 102435.694725992 102355.543147673 102285.105817581
0 0 0 0 0 0 0 0 0 0 0 0 0 0 0 0 0 0 115308.361106684 114863.413671055 114425.475569151 113994.627585184 113570.950411377 113154.52459536 112745.430485942 112343.748177275 111949.557451459 111562.937719639 111183.967961638 110812.726664193 110449.291757854 110093.740552631 109746.149672454 109406.594988543 109075.151551789 108751.893524224 108436.89410972 108130.225484002 107831.958724117 107542.163737477 107260.909190612 106988.26243778 106724.289449562 106469.054741612 106222.621303708 105985.050529258 105756.402145439 105536.734144119 105326.102713738 105124.562172327 104932.164901816 104748.961283826 104574.999637098 104410.326156743 104254.984855479 104109.017507008 103972.463591727 103845.360244893 103727.742207426 103619.641779484 103521.08877696 103432.110491016 103352.731650809 103282.974389503
0 0 0 0 0 0 0 0 0 0 0 0 0 0 0 0 0 0 116203.046723132 115761.538201584 115327.010651692 114899.54327548 114479.21516141 114066.105233022 113660.292196041 113261.85448397 112870.87020222 112487.417070822 112111.572365762 111743.412859023 111383.01475737 111030.453639977 110685.804394952 110349.141154864 110020.537231349 109700.065048901 109387.796077952 109083.800767347 108788.148476333 108500.907406193 108222.144531634 107951.925532083 107690.314723019 107437.374987484 107193.167707927 106957.752698523 106731.18813813 106513.530504042 106304.834506686 106105.153025442 105914.537045728 105733.035597534 105560.695695548 105397.562281044 105243.678165698 105099.083977471 104963.818108728 104837.916666732 104721.413426668 104614.339787324 104516.724729567 104428.594777746 104349.973964123 104280.883796465
0 0 0 0 0 0 0 0 0 0 0 0 0 0 0 0 117996.214669159 117544.427070401 117099.436353756 116661.320296943 116230.156639679 115806.023036554 115388.997008386 114979.1558921 114576.576789143 114181.336512483 113793.511532229 113413.177919914 113040.411291505 112675.286749185 112317.878821983 111968.261405311 111626.5076995 111292.6901474 110966.880371143 110649.149108171 110339.566146604 110038.200260088 109745.119142209 109460.389340602 109184.076190875 108916.243750477 108656.954732644 108406.270440553 108164.250701832 107930.953803565 107706.43642794 107490.75358869 107283.958568478 107086.10285738 106897.236092614 106717.40599967 106546.658335008 106385.036830447 106232.583139421 106089.336785242 105955.335111504 105830.61323478 105715.203999747 105609.13793686 105512.443222708 105425.14564317 105347.268559475 105278.832877273
0 0 0 0 0 0 0 0 0 0 0 0 0 0 0 0 118887.495569884 118439.107823125 117997.491163992 117562.72189795 117134.876271388 116714.030425531 116300.260348936 115893.64182857 115494.250399522 115102.161293374 114717.449385281 114340.18913979 113970.454555475 113608.319108418 113253.855694623 112907.136571419 112568.233297923 112237.216674658 111914.156682399 111599.122420345 111292.182043707 110993.402700828 110702.850469926 110420.590295584 110146.685925105 109881.199844843 109624.193216647 109375.725814549 109135.855961814 108904.640468514 108682.134569739 108468.391864605 108263.464256193 108067.401892571 107880.253109033 107702.064371708 107532.880222684 107372.743226782 107221.693920135 107079.770760688 106947.010080788 106823.446041956 106709.110592007 106604.033424611 106508.24194143 106421.761216927 106344.61396597 106276.820514305
0 0 0 0 0 0 0 0 0 0 0 0 0 0 0 0 0 0 0 118465.70603632 118041.133363512 117623.530064358 117212.970629787 116809.529332662 116413.280178751 116024.296856456 115642.652685302 115268.420563275 114901.67291302 114542.481626989 114190.918011581 113847.052730346 113510.955746327 113182.696263621 112862.342668233 112549.96246832 112245.622233915 111949.387536231 111661.322886646 111381.491675477 111109.95611066 110846.777156448 110592.014472248 110345.726351718 110107.969662268 109878.79978506 109658.270555685 109446.434205608 109243.341304543 109049.040703894 108863.579481376 108687.00288699 108519.354290444 108360.675130204 108211.004864256 108070.380922761 107938.838662685 107816.411324564 107703.129991501 107599.023550517 107504.118656371 107418.439697948 107342.008767305 107274.845631484
0 0 0 0 0 0 0 0 0 0 0 0 0 0 0 0 0 0 0 0 118948.892774886 118534.487603524 118127.094311544 117726.785692751 117333.63425977 116947.712195083 116569.091300921 116197.842948056 115834.038023543 115477.746877474 115129.039268799 114787.984310271 114454.650412614 114129.105227948 113811.415592596 113501.647469317 113199.865889089 112906.134892512 112620.517470951 112343.075507497 112073.869717886 111812.959591455 111560.40333227 111316.257800545 111080.578454453 110853.41929248 110634.832796425 110424.869875184 110223.579809449 110031.010197437 109847.206901801 109672.213997829 109506.073723077 109348.826428556 109200.510531595 109061.162470513 108930.81666121 108809.505455804 108697.259103416 108594.105713218 108500.071219848 108415.179351282 108339.451599264 108272.907192371
0 0 0 0 0 0 0 0 0 0 0 0 0 0 0 0 0 0 0 0 0 0 119042.598833852 118645.379160656 118255.281722359 117872.377231873 117496.73601148 117128.427943049 116767.522417274 116414.08828199 116068.193789623 115729.906543832 115399.293445422 115076.420637597 114761.353450627 114454.156346016 114154.892860257 113863.625548264 113580.415926575 113305.324416429 113038.410286817 112779.731597612 112529.345142891 112287.306394562 112053.669446408 111828.486958661 111611.810103241 111403.688509763 111204.170212447 111013.30159804 110831.127354891 110657.69042328 110493.031947146 110337.191227308 110190.205676322 110052.110775071 109922.94003122 109802.724939619 109691.494944796 109589.277405605 109496.097562156 109411.978505096 109336.941147346 109271.004198354
0 0 0 0 0 0 0 0 0 0 0 0 0 0 0 0 0 0 0 0 0 0 0 0 0 0 0 118060.148056146 117702.099463423 117351.480080807 117008.356693933 116672.79543781 116344.861744435 116024.620289791 115712.134940328 115407.468698985 115110.683650848 114821.840908532 114541.000557367 114268.221600501 114003.561904003 113747.07814207 113498.825742458 113258.858832214 113027.230183854 112803.99116207 112589.191671096 112382.88010284 112185.103285899 111995.906435577 111815.333105013 111643.425137549 111480.222620436 111325.763840005 111180.085238405 111043.22137203 110915.204871722 110796.06640488 110685.834639547 110584.536210592 110492.195688067 110408.835547834 110334.476144527 110269.135686944
0 0 0 0 0 0 0 0 0 0 0 0 0 0 0 0 0 0 0 0 0 0 0 0 0 0 0 0 118637.743339658 118289.897302285 117949.503868577 117616.627744134 117291.33293198 116973.682681273 116663.739435515 116361.56478037 116067.219391156 115780.762980096 115502.25424342 115231.750808405 114969.309180445 114714.984690263 114468.83144134 114230.902257683 114001.248632034 113779.920674614 113566.967062522 113362.434989896 113166.37011894 112978.81653193 112799.81668431 112629.41135899 112467.639621942 112314.538779223 112170.144335505 112034.489954239 111907.607419536 111789.526599873 111680.27541371 111579.879797124 111488.363673521 111405.748925528 111332.055369135 111267.300730155
0 0 0 0 0 0 0 0 0 0 0 0 0 0 0 0 0 0 0 0 0 0 0 0 0 0 0 0 0 119229.315734068 118891.611939079 118561.380932119 118238.685325868 117923.586981774 117616.146959959 117316.425468752 117024.481813951 116740.374347876 116464.160418305 116195.89631738 115935.637230568 115683.43718578 115439.349002733 115203.424242656 114975.71315844 114756.264645336 114545.126192295 114342.343834064 114147.96210413 113962.023988627 113784.570881306 113615.642539667 113455.277042366 113303.510747984 113160.378255276 113025.912364977 112900.144043283 112783.102387071 112674.814590977 112575.305916394 112484.599662479 112402.717139252 112329.677642844 112265.498432972
0 0 0 0 0 0 0 0 0 0 0 0 0 0 0 0 0 0 0 0 0 0 0 0 0 0 0 0 0 0 119834.65824252 119507.033161903 119186.897913397 118874.313008644 118569.338162679 118272.032245135 117982.453231202 117700.658152413 117426.703047347 117160.64291232 116902.531652171 116652.4220312 116410.365624388 116176.412768954 115950.612516368 115733.012584912 115523.659312878 115322.597612508 115129.870924773 114945.521175092 114769.588730081 114602.112355447 114443.129175102 114292.674631612 114150.782448068 114017.484591463 113892.811237686 113776.790738189 113669.449588445 113570.812398251 113480.901863958 113399.738742714 113327.341828767 113263.727931906
0 0 0 0 0 0 0 0 0 0 0 0 0 0 0 0 0 0 0 0 0 0 0 0 0 0 0 0 0 0 0 120453.563258997 120135.950326485 119825.841202581 119523.294294312 119228.367169995 118941.116511834 118661.598068373 118389.866606896 118125.975865841 117869.978507319 117621.92606982 117381.868921196 117149.856211996 116925.935829267 116710.154350889 116502.557000552 116303.187603459 116112.088542856 115929.300717474 115754.863499988 115588.814696576 115431.19050767 115282.025489998 115141.352520001 115009.202758708 114885.605618163 114770.588729476 114664.177912586 114566.397147801 114477.268549202 114396.812339963 114325.046829657 114261.988393611
0 0 0 0 0 0 0 0 0 0 0 0 0 0 0 0 0 0 0 0 0 0 0 0 0 0 0 0 0 0 0 0 0 120778.152604414 120477.997184522 120185.412861346 119900.455060482 119623.178284015 119353.636064544 119091.880919256 118837.964304109 118591.936568231 118353.846908589 118123.743325042 117901.672575833 117687.680133637 117481.810142234 117284.105373893 117094.607187577 116913.355488034 116740.388685878 116575.743658741 116419.455713583 116271.558550256 116132.084226384 116001.063123674 115878.523915698 115764.493537266 115658.997155423 115562.05814218 115473.698049015 115393.936583226 115322.791586192 115260.27901359
0 0 0 0 0 0 0 0 0 0 0 0 0 0 0 0 0 0 0 0 0 0 0 0 0 0 0 0 0 0 0 0 122036.496238239 121731.228832885 121433.429220387 121143.152473762 120860.452797181 120585.383481574 120317.996860223 120058.344264425 119806.47597928 119562.441199702 119326.287986725 119098.063224174 118877.812575803 118665.580442967 118461.409922915 118265.342767792 118077.419344437 117897.678595045 117726.157998802 117562.893534557 117407.919644613 117261.269199743 117122.973465469 116993.062069729 116871.562971965 116758.502433735 116653.904990905 116557.793427491 116470.188751217 116391.110170849 116320.575075355 116258.599014953
0 0 0 0 0 0 0 0 0 0 0 0 0 0 0 0 0 0 0 0 0 0 0 0 0 0 0 0 0 0 0 123298.218485411 122987.952014555 122685.052063375 122389.573325719 122101.569678322 121821.094137956 121548.198818523 121282.93488816 121025.35252642 120775.500881606 120533.428028333 120299.18092539 120072.805373983 119854.345976426 119643.846095382 119441.347813703 119246.891894977 119060.517744847 118882.263373177 118712.16535717 118550.258805481 118396.577323439 118251.152979426 118114.016272507 117985.196101378 117864.719734699 117752.612782892 117648.899171459 117553.601115894 117466.739098237 117388.33184534 117318.396308892 117256.947647245
0 0 0 0 0 0 0 0 0 0 0 0 0 0 0 0 0 0 0 0 0 0 0 0 0 0 0 0 0 0 124563.216678306 124248.060782875 123940.17212899 123639.605007547 123346.41294128 123060.64864342 122782.363976255 122511.609909658 122248.436479632 121992.892746968 121745.026756052 121504.885493919 121272.51484961 121047.959573912 120831.263239552 120622.468201925 120421.615560425 120228.745120464 120043.89535624 119867.103374356 119698.404878331 119537.834134116 119385.423936652 119241.205577571 119105.208814103 118977.461839247 118857.991253294 118746.822036746 118643.977524715 118549.479382845 118463.347584821 118385.60039152 118316.254331851 118255.324185331
0 0 0 0 0 0 0 0 0 0 0 0 0 0 0 0 0 0 0 0 0 0 0 0 0 0 0 0 0 125831.392016528 125511.453166138 125198.684238031 124893.139098962 124594.870893834 124303.932005829 124020.374016402 123744.247665201 123475.602809969 123214.488386487 122960.952368637 122715.041728636 122476.802397512 122246.279225904 122023.515945232 121808.555129329 121601.4381566 121402.205172772 121210.895054324 121027.54537265 120852.192359044 120684.870870569 120525.614356885 120374.454828103 120231.422823742 120096.547382845 119969.856015328 119851.374674624 119741.127731685 119639.137950397 119545.426464473 119460.012755864 119382.914634757 119314.14822119 119253.727928341
0 0 0 0 0 0 0 0 0 0 0 0 0 0 0 0 0 0 0 0 0 0 0 0 0 0 0 127434.288263909 127102.64939956 126778.030996881 126460.487119513 126150.071191272 125846.835957928 125550.833448767 125262.114937992 124980.730905997 124706.731000599 124440.163998261 124181.077765386 123929.519219721 123685.534291969 123449.16788763 123220.463849179 122999.464918614 122786.212700465 122580.74762532 122383.108913938 122193.334542026 122011.461205732 121837.524287949 121671.557825463 121513.594477052 121363.665492568 121221.800683089 121088.028392195 120962.375468439 120844.86723906 120735.527485014 120634.378417361 120541.440655078 120456.733204334 120380.273439292 120312.077084461 120252.158198661
0 0 0 0 0 0 0 0 0 0 0 0 0 0 0 0 0 0 0 0 0 0 0 0 0 0 0 128376.897267219 128047.699749025 127725.483244633 127410.300718323 127102.204497767 126801.246236978 126507.476879073 126220.946618886 125941.70486549 125669.800204682 125405.280361487 125148.192162739 124898.581499792 124656.49329144 124421.971447077 124195.058830196 123975.797222258 123764.227287019 123560.388535369 123364.319290749 123176.056655214 122995.636476206 122823.093314105 122658.460410621 122501.769658085 122353.051569714 122212.335250905 122079.648371619 121955.017139913 121838.466276686 121730.018991675 121629.696960784 121537.520304763 121453.507569313 121377.675706646 121310.040058547 121250.614340979
0 0 0 0 0 0 0 0 0 0 0 0 0 0 0 0 0 0 0 0 0 0 0 0 0 129994.562811181 129654.047447538 129320.368382506 128993.578668264 128673.730795 128360.876655477 128055.067509338 127756.35394719 127464.785854518 127180.412375478 126903.281876613 126633.441910554 126370.939179751 126115.819500294 125868.127765885 125627.907912007 125395.202880359 125170.054583614 124952.503870564 124742.590491708 124540.353065343 124345.829044238 124159.054682924 123980.065005693 123808.893775344 123645.573462753 123490.135217318 123342.608838349 123203.022747449 123071.403961956 122947.778069494 122832.169203691 122724.600021115 122625.091679481 122533.663817172 122450.334534121 122375.120374105 122308.036308475 122249.095721374
0 0 0 0 0 0 0 0 0 0 136784.251290933 136350.713457171 135923.15004935 135501.617622804 0 0 0 0 0 0 0 0 131988.481732019 131630.334531908 131278.82779809 130934.015011757 130595.949195055 130264.682877655 129940.268062962 129622.756194015 129312.198119093 129008.644057094 128712.143562714 128422.745491471 128140.497964639 127865.448334115 127597.643147288 127337.128111958 127083.948061349 126838.146919285 126599.767665572 126368.852301646 126145.441816555 125929.57615331 125721.294175692 125520.633635548 125327.631140654 125142.322123199 124964.740808937 124794.920187095 124632.891981058 124478.686619921 124332.333210951 124193.859513011 124063.291911008 123940.655391419 123825.973518939 123719.268414308 123620.560733359 123529.869647339 123447.21282454 123372.606413278 123306.065026276 123247.601726454
0 0 0 0 0 0 0 0 138563.667711753 138121.235401337 137684.64448823 137253.95071512 136829.209768847 136410.477255326 135997.808673832 0 0 0 0 0 133652.227510189 133283.545786769 132921.364861155 132565.738015563 132216.718136057 131874.357680817 131538.708648012 131209.822543303 130887.750347019 130572.542481036 130264.248775405 129962.918434756 129668.600004541 129381.341337135 129101.189557861 128828.191030974 128562.391325658 128303.835182079 128052.566477555 127808.628192885 127572.062378899 127342.910123274 127121.21151768 126907.005625305 126700.330448819 126501.222898826 126309.718762876 126125.852675078 125949.658086372 125781.16723553 125620.411120928 125467.419473142 125322.220728441 125184.842003201 125055.309069328 124933.646330697 124819.876800701 124714.022080922 124616.102340986 124526.136299645 124444.141207114 124370.132828725 124304.125429904 124246.131762529
0 0 0 0 0 0 0 0 139459.743067174 139020.162549972 138586.403570044 138158.520958852 137736.569481733 137320.60381332 136910.678512354 136506.847995885 0 0 0 0 134581.008485835 134214.878102701 133855.217168332 133502.077969745 133155.512395464 132815.571904641 132482.307495814 132155.769675312 131836.008425364 131523.073171938 131217.012752347 130917.875382654 130625.708624936 130340.559354428 130062.473726604 129791.497144236 129527.674224471 129271.048765991 129021.663716283 128779.561139089 128544.782182066 128317.367044735 128097.354946743 127884.784096507 127679.691660298 127482.113731799 127292.085302213 127109.640230961 126934.81121703 126767.629771016 126608.126187935 126456.329520821 126312.267555202 126175.966784469 126047.452386211 125926.748199549 125813.87670353 125708.85899661 125611.714777278 125522.462325859 125441.11848754 125367.698656646 125302.216762203 125244.685254827
