ho_distance_noBay_id_1.asc
NCOLS 174 
NROWS 185 
XLLCORNER 428292.82952926 
YLLCORNER 6186935.0366855 
CELLSIZE 1000 
NODATA_value -9999 
[rows 87 to 115 of 185, columns 64 to 127 of 174]
0 0 0 0 0 0 0 0 0 0 0 0 0 0 0 0 0 0 0 0 0 0 0 0 0 0 0 0 0 0 0 0 0 0 0 0 0 0 0 0 0 0 73488.2747552209 73117.1128092279 72757.8026373521 72410.5206698198 72075.4407737678 71752.7338976811 71442.5677089643 71145.1062259975 70860.5094461435 70588.9329712917 70330.5276326293 70085.4391164281 69853.8075927224 69635.7673488244 69431.4464296843 69240.9662871384 69064.4414401156 68901.9791478712 68753.6790983013 68619.6331133497 68499.9248734569 68394.6296629184
0 0 0 0 0 0 0 0 0 0 0 0 0 0 0 0 0 0 0 0 0 0 0 0 0 0 0 0 0 0 0 0 0 0 0 0 0 0 0 0 0 74793.5210701389 74415.4315523859 74048.9170223735 73694.1501833414 73351.3014901808 73020.5388186222 72702.0271273122 72395.9281139413 72102.3998666998 71821.5965124418 71553.6678630419 71298.7590615225 71057.0102296146 70828.5561184899 70613.5257644638 70412.0421515178 70224.2218825217 70050.1748610534 69890.0039857108 69743.8048587916 69611.665511175 69493.6661451836 69389.8788971184
0 0 0 0 0 0 0 0 0 0 0 0 0 0 0 0 0 0 0 0 0 0 0 0 0 0 0 0 0 0 0 0 0 0 0 0 0 0 0 0 0 75717.9022470797 75344.4515525651 74982.4782120153 74632.1492245391 74293.6293159272 73967.0806236863 73652.6623758397 73350.5305645975 73060.8376161023 72783.7320575484 72519.3581830639 72267.8557198291 72029.3594959761 71803.9991118815 71591.8986165166 71393.1761905584 71207.9438379921 71036.3070879473 70878.3647085038 70734.2084341812 70603.9227087895 70487.584445257 70385.262803983
0 0 0 0 0 0 0 0 0 0 0 0 0 0 0 0 0 0 0 0 0 0 0 0 0 0 0 0 0 0 0 0 0 0 0 0 0 0 0 0 77024.3142667872 76644.1820840128 76275.2666752849 75917.7315615025 75571.7382657225 75237.4460196609 74915.0114637908 74604.5883419943 74306.3271918142 74020.375031443 73746.8750446688 73485.9662650803 73237.7832609032 73002.4558219075 72780.1086498782 72570.8610541903 72374.8266540592 72192.11308906 72022.8217395164 71867.0474583496 71724.8783159595 71596.3953596668 71481.6723891952 71380.7757496005
0 0 0 0 0 0 0 0 0 0 0 0 0 0 0 0 0 0 0 0 0 0 0 0 0 0 0 0 0 0 0 0 0 0 0 0 0 0 78731.8461410677 78334.4704190899 77947.8987202207 77572.2925660723 77207.8119947381 76854.6152945505 76512.8587306204 76182.6962649025 75864.2792706087 75557.7562418805 75263.2724997123 74980.9698951972 74710.9865112421 74453.4563639695 74208.5091050887 73976.2697265721 73756.8582690252 73550.3895351724 73356.9728099116 73176.7115884052 73009.7033136771 72856.0391251794 72715.8036197648 72589.0746264664 72475.9229964354 72376.4124093185
0 0 0 0 0 0 0 0 0 0 0 0 0 0 0 0 0 0 0 0 0 0 0 0 0 0 0 0 0 0 0 0 0 0 0 0 0 0 79648.1859392275 79255.4047524096 78873.3468386298 78502.1687635782 78142.0255665531 77793.0705056842 77455.4547966822 77129.3273458248 76814.8344779699 76512.1196604592 76221.3232238522 75942.5820805 75676.0294420366 75421.7945369275 75180.0023292699 74950.7732400911 74734.2228724302 74530.4617415228 74339.5950114279 74161.722239452 73996.9371297228 73845.3272972547 73706.9740438257 73581.9521469478 73470.3296631656 73372.1677468558
0 0 0 0 0 0 0 0 0 0 0 0 0 0 0 0 0 0 0 0 0 0 0 0 0 0 0 0 0 0 0 0 0 0 0 0 0 80965.2875680698 80566.5156875904 80178.2333872309 79800.5937832281 79433.7486665102 79077.8482653191 78733.0410014204 78399.4732405127 78077.2890375197 77766.6298775182 77467.634413124 77180.4381992222 76905.1734259957 76641.9686512618 76390.9485331836 76152.2335644729 75925.9398092414 75712.1786436969 75511.056501903 75322.6746278444 75147.1288350435 74984.5092749773 74834.9002155256 74698.3798306643 74575.0200025767 74464.8861373146 74368.0369950811
0 0 0 0 0 0 0 0 0 0 0 0 0 0 0 0 0 0 0 0 0 0 0 0 0 0 0 0 0 0 0 0 0 0 0 0 0 81881.0583566751 81486.7681078821 81102.891660694 80729.5775709547 80366.9730289956 80015.2236321428 79674.4731514451 79344.8632932143 79026.5334560323 78719.6204839423 78424.2584166049 78140.5782372574 77868.7076193735 77608.7706729722 77360.8876915752 77125.1749008521 76901.7442100343 76690.702967205 76492.1537195979 76306.1939800506 76132.9160007656 75972.4065555261 75824.7467315036 75690.0117317681 75568.2706895805 75459.5864955026 75364.0156383055
0 0 0 0 0 0 0 0 0 0 0 0 0 0 0 0 0 0 0 0 0 0 0 0 0 0 0 0 0 0 0 0 0 0 0 0 0 0 0 82029.3177001691 81660.2389257697 81301.7852231568 80954.0977315591 80617.3157490954 80291.5765049352 79977.0149274552 79673.7634090728 79381.9515684984 79101.7060111977 78833.1500889091 78576.4036591074 78331.5828453473 78098.7997994593 77878.1624666026 77669.7743542047 77473.7343058381 77290.1362810942 77119.069142519 76960.6164506701 76814.8562683396 76681.8609749672 76561.6970922322 76454.4251217759 76360.0993959526
0 0 0 0 0 0 0 0 0 0 0 0 0 0 0 0 0 0 0 0 0 0 0 0 0 0 0 0 0 0 0 0 0 0 0 0 0 0 0 82957.4522811801 82592.5211386769 82238.1311017056 81894.4190171701 81561.5198805071 81239.5666179779 80928.6898654327 80629.0177441962 80340.6756347769 80063.7859491478 79798.4679023944 79544.8372845654 79303.0062336007 79073.0830102446 78855.1717758801 78649.3723742413 78455.7801179785 78274.4855810571 78105.5743979751 77949.1270707771 77805.2187848262 77673.9192342783 77555.2924581663 77449.396687968 77356.2842074822
0 0 0 0 0 0 0 0 0 0 0 0 0 0 0 0 0 0 0 0 0 0 0 0 0 0 0 0 0 0 0 0 0 0 0 0 0 0 84258.430774343 83887.2386934584 83526.3699359178 83175.9588687158 82836.1382054284 82507.038801834 82188.7894478673 81881.5166564738 81585.3444499863 81300.3941446868 81026.7841342599 80764.6296728863 80514.0426587623 80275.1314188617 80048.0004957902 79832.7504376027 79629.4775914741 79438.2739021285 79259.2267159358 79092.4185915858 78937.9271182437 78795.8247420742 78666.1786020027 78549.0503755501 78444.4961355431 78352.5662184574
0 0 0 0 0 0 0 0 0 0 0 0 0 0 0 0 0 0 0 0 0 0 0 0 0 0 0 0 0 0 0 0 0 0 0 0 0 0 85185.7563397998 84818.6226146256 84461.7333548204 84115.2189580418 83779.2081570232 83453.8278239911 83139.2027718264 82835.4555525192 82542.706253502 82261.072292491 81990.6682115041 81731.605470757 81483.9922431761 81247.9332102947 81023.5293603224 80810.8777892033 80610.0715054891 80421.1992398683 80244.3452601933 80079.5891928501 79927.0058513025 79786.665072634 79658.6315628833 79542.9647519484 79439.7186587933 79348.9417676553
0 0 0 0 0 0 0 0 0 0 0 0 0 0 0 0 0 0 0 0 0 0 0 0 0 0 0 0 0 0 0 0 0 0 0 0 0 86487.9029156924 86114.7084406186 85751.5519910355 85398.5616268201 85055.8639188875 84723.583765365 84401.8442044091 84090.7662241454 83790.468570252 83501.067551744 83222.6768455535 82955.4073005368 82699.3667415686 82454.6597744178 82221.3875921193 81999.6477835852 81789.5341452105 81591.1364962461 81404.540498719 81229.827482681 81067.0742775674 80916.3530504381 80777.7311518569 80651.2709701477 80537.0297947392 80435.059689275 80345.407375131
0 0 0 0 0 0 0 0 0 0 0 0 0 0 0 0 0 0 0 0 0 0 0 0 0 0 0 0 0 0 0 0 0 0 0 0 0 87414.4569129342 87045.2350013586 86685.9769253382 86336.8070671992 85997.848308067 85669.2218517002 85351.0470453312 85043.4411979717 84746.5193966772 84460.3943213025 84185.1760583087 83920.9719142179 83667.8862293381 83426.0201924075 83195.4716568306 82976.334959198 82768.7007407966 82572.6557728287 82388.2827860648 82215.6603056565 82054.862491833 81905.9589871955 81769.0147713097 81644.0900232784 81531.2399929481 81430.5148813774 81341.9597311544
0 0 0 0 0 0 0 0 0 0 0 0 0 0 0 0 0 0 0 0 0 0 0 0 0 0 0 0 0 0 0 0 0 0 0 89102.4460152199 88717.7070541936 88342.6126170843 87977.2860633399 87621.8495703513 87276.4239711263 86941.1285885242 86616.0810664211 86301.3971982108 85997.1907530814 85703.5733005362 85420.6540336639 85148.539591689 84887.333882364 84637.1379047902 84398.049573275 84170.1635428583 83953.5710371514 83748.3596791516 83554.6133256989 83372.411906251 83201.8312666501 83042.9430185529 82895.8143951861 82760.5081140738 82637.0822473676 82525.5901003847 82426.08009893 82338.5956859464
0 0 0 0 0 0 0 0 0 0 0 0 0 0 0 0 0 0 0 0 0 0 0 0 0 0 0 0 0 0 0 0 0 0 0 90024.306787246 89643.5244263784 89272.3200697799 88910.8136825872 88559.1240288558 88217.3685155978 87885.6630337128 87564.1217961662 87252.8571738046 86951.9795292256 86661.5970491508 86381.8155757791 86112.7384376227 85854.4662803569 85607.0968982331 85370.7250666292 85145.4423763275 84931.337070124 84728.4938823861 84536.9938821819 84356.9143206091 84188.3284829501 84031.3055462762 83885.910443114 83752.2037317745 83630.2414739261 83520.0751199716 83421.751402762 83335.3122401467
0 0 0 0 0 0 0 0 0 0 0 0 0 0 0 0 0 0 0 0 0 0 0 0 0 0 0 0 0 0 0 0 0 91729.6812435111 91334.1123572932 90947.818770728 90570.9191639994 90203.5312904668 89845.7718333409 89497.7562589547 89159.5986669174 88831.4116374625 88513.3060763342 88205.3910575841 87907.7736646758 87620.5588303247 87343.8491755253 87077.7448482414 86822.3433622587 86577.7394367193 86344.0248368756 86121.2882166164 85909.6149633324 85709.0870456951 85519.7828649317 85341.7771101797 85175.140618505 85019.9402401615 84876.2387096598 84744.0945232036 84623.56182303 84514.6902891723 84417.5250391364 84332.1065359555
0 0 0 0 0 0 0 0 0 0 0 0 0 0 0 0 0 0 0 0 0 0 0 0 0 0 0 0 0 0 0 93457.4396693388 93047.7226406247 92646.9877959621 92255.3521847034 91872.9321714627 91499.8433050063 91136.2001835671 90782.1163168041 90437.703984656 90103.074093367 89778.3360289848 89463.5975086617 89158.9644301141 88864.5407196192 88580.4281789571 88306.7263317235 88043.5322694656 87790.9404981114 87549.0427851811 87317.9280082847 87097.6820054271 86888.3874276478 86690.1235945338 86502.9663531492 86326.9879409249 86162.2568530508 86008.8377149094 85866.7911600762 85736.1737144052 85617.0376866964 85509.4310664251 85413.3974289878 85328.9758488917
0 0 0 0 0 0 0 0 0 0 0 0 0 0 0 0 0 0 0 0 0 0 0 0 0 0 0 0 0 0 94783.1066019604 94368.5485539388 93962.8044240678 93565.9888757349 93178.2159807359 92799.599096177 92430.2507378926 92070.2824505726 91719.8046748179 91378.9266113652 91047.7560827491 90726.3993926922 90414.9611835388 90113.5442920727 89822.2496040812 89541.1759080502 89270.4197483965 89010.0752786639 88760.2341151258 88520.9851912554 88292.4146135385 88074.6055191138 87867.6379357385 87671.5886445806 87486.5310463449 87312.5350312404 87149.6668532938 86997.9890095089 86857.5601243619 86728.4348401126 86610.6637133915 86504.2931185077 86409.3651578996 86325.9175801204
0 0 0 0 0 0 0 0 0 0 0 0 0 0 0 0 0 0 0 0 0 0 0 0 0 0 0 0 0 0 95692.0436804836 95281.4403900681 94879.6002408559 94486.6350386294 94102.6559666711 93727.7734667808 93362.097117078 93005.7355067806 92658.7961081717 92321.3851459902 91993.6074645015 91675.5663925307 91367.3636067596 91069.0989936122 90780.8705100742 90502.7740438125 90234.9032729792 89977.3495261025 89730.2016424846 89493.5458335374 89267.4655455053 89052.0413240286 88847.3506810137 88653.4679642796 88470.4642304541 88298.407121593 88137.3607459918 87987.3855636569 87848.5382768896 87720.8717264293 87604.4347935833 87499.2723087553 87405.4249667618 87322.9292493028
0 0 0 0 0 0 0 0 0 0 0 0 0 0 0 0 0 0 0 0 0 0 0 0 0 0 0 0 97441.9100400826 97018.0987822275 96602.7802414433 96196.0644176003 95798.0608806547 95408.8786620624 95028.626142919 94657.4109389708 94295.3397826621 93942.5184024051 93599.0513992783 93265.0421213826 92940.5925361022 92625.8031005416 92320.772630426 92025.598167778 91740.3748476965 91465.1957645879 91200.1518382119 90945.3316799242 90700.8214595102 90466.7047730184 90243.0625120124 90029.9727346704 89827.5105391663 89635.7479397731 89454.7537461317 89284.5934461236 89125.3290927899 88977.0191957262 88839.7186173794 88713.4784746583 88598.3460462563 88494.3646860675 88401.5737430575 88320.0084879284
0 0 0 0 0 0 0 0 0 0 0 0 0 0 0 0 0 0 0 0 0 0 0 0 0 0 0 98774.8454811751 98346.6103070591 97926.7145264614 97515.2658664559 97112.371694157 96718.138914697 96332.6738660416 95956.082210768 95588.4688249487 95229.9376843055 94880.5917478133 94540.5328389561 94209.8615248545 93888.6769935054 93577.0769293918 93275.1573877408 92983.0126677252 92700.7351849211 92428.4153433531 92166.1414074708 91913.9993744175 91672.0728469633 91440.4429074874 91219.187993404 91008.3837744331 90808.103032125 90618.4155420494 90439.3879590639 90271.0837060716 90113.5628666801 89966.8820821619 89831.0944531132 89706.2494461934 89592.3928063158 89489.5664746439 89397.8085127271 89317.1530330918
0 0 0 0 0 0 0 0 0 0 0 0 0 0 0 0 0 0 0 0 0 0 0 0 0 0 100110.011324545 99677.4800366613 99253.1394239877 98837.0949824815 98429.4519116843 98030.3150188405 97639.7886199659 97257.9764379773 96884.9814980044 96520.9060200285 96165.8513090052 95819.91764265 95483.2041570806 95155.8087305303 94837.8278653607 94529.3565686253 94230.4882314467 93941.314507491 93661.9251908366 93392.4080935511 93132.8489233037 92883.3311613522 92643.9359412581 92414.7419286905 92195.8252026901 91987.2591387715 91789.1142942453 91601.4582961458 91424.3557321519 91257.8680448847 91102.0534299645 90956.9667382033 90822.6593822992 90699.1792483905 90586.5706128132 90484.874064391 90394.1264325688 90314.36072168
0 0 0 0 0 0 0 0 0 0 0 0 0 0 0 0 0 0 0 0 0 0 0 0 0 101447.319506091 101010.61475919 100581.956399187 100161.447733879 99749.1918323405 99345.2914347911 98949.8488595213 98562.9659069806 98184.743761132 97815.2828881952 97454.6829329211 97103.04261255 96760.4596086295 96427.0304568783 96102.8504353032 95788.0134507903 95482.6119244091 95186.736675683 94900.4768060959 94623.9195821165 94357.150318041 94100.25225896 93853.3064641754 93616.3916913963 93389.5842820572 93172.9580481053 92966.5841606139 92770.5310405789 92584.8642522607 92409.646399432 92244.9370248936 92090.7925136118 91947.2659998307 91814.4072784993 91692.2627213478 91580.8751979319 91480.2840019515 91390.5247831318 91311.6294849388
0 0 0 0 0 0 0 0 0 0 0 0 0 0 0 0 0 0 0 0 0 0 0 0 0 102345.925964837 101913.071883142 101488.225325488 101071.487269039 100662.958419838 100262.739125223 99870.9292835062 99487.6282510022 99112.934746521 98746.9467534397 98389.7614194952 98041.4749544482 97702.1825257871 97371.978152653 97050.9545981865 96739.2032605075 96436.8140625576 96143.8753410472 95860.4737347638 95586.6940725113 95322.6192609623 95068.3301727179 94823.9055348778 94589.4218184356 94364.9531288203 94150.571097912 93946.3447778651 93752.3405370768 93568.6219586382 93395.2497416066 93232.2816054374 93079.7721979061 92937.7730068492 92806.3322760421 92685.4949255258 92575.3024766767 92475.7929823081 92387.0009620684 92308.9573433897
0 0 0 0 0 0 0 0 0 0 0 0 0 0 0 0 0 0 106464.636733609 105982.567122512 105507.77313988 0 0 0 103683.329562522 103246.396974563 102817.33388533 102396.239219739 101983.211684103 101578.349683695 101181.751237669 100793.513891421 100413.734626487 100042.509768084 99679.9348904064 99326.1047198277 98981.1130361379 98645.0525719928 98318.0149107463 98000.0903828576 97691.3679610782 97391.9351546384 97101.8779026637 96821.2804670664 96550.2253251688 96288.7930623257 96037.0622648251 95795.1094133538 95563.0087773242 95340.8323103667 95128.6495472945 94926.5275028561 94734.5305725902 94552.7204361014 94381.1559630738 94219.8931223369 94068.984894295 93928.4811870267 93798.4287563504 93678.8711301468 93569.8485372141 93471.3978409208 93383.5524779081 93306.3424020722
0 0 0 0 0 0 0 0 0 0 0 0 0 109835.879866989 0 0 108317.484661209 107825.150787698 107339.875169707 106861.753965143 106390.883629968 105927.360859336 0 0 104581.847161921 104148.684172475 103723.353560886 103305.952069448 102896.576191988 102495.322093704 102102.285528535 101717.561754149 101341.245444624 100973.430600956 100614.210459481 100263.677398364 99921.9228422957 99589.0371655446 99265.1095935462 98950.2281032098 98644.4793221383 98347.9484269718 98060.7190410759 97782.8731318084 97514.4909076075 97255.6507151558 97006.4289368849 96766.8998890913 96537.1357209439 96317.2063146687 96107.1791872021 95907.1193936065 95717.0894325461 95537.1491541198 95367.3556703501 95207.76326862 95058.4233283516 94919.3842412108 94790.6913351155 94672.3868023177 94564.5096318179 94467.0955463578 94380.176944225 94303.782846086
0 0 0 0 0 0 0 0 0 0 112259.937001627 111731.28082443 111209.103825749 110693.497698757 110184.554688229 109682.367547851 109187.029495084 108698.634163539 108217.275552831 107743.047975894 107276.04600373 106816.36440758 106364.098098519 105919.342064469 105482.191304639 105052.740761424 104631.085249774 104217.319384083 103811.537502642 103413.833589714 103024.301195298 102643.033352674 102270.122493799 101905.660362686 101549.737926859 101202.44528702 100863.871585076 100534.104910668 100213.23220637 99901.3391717361 99598.5101663914 99304.8281123496 99020.3743957869 98745.2287684845 98479.4692491733 98223.1720250236 97976.4113535289 97739.25946504 97511.7864662162 97294.0602446596 97086.1463750106 96888.1080267775 96700.005874183 96521.8980083045 96353.8398517883 96195.8840764124 96048.0805237726 95910.4761293552 95783.1148502602 95666.0375968225 95559.2821683754 95462.8831933841 95376.8720741681 95301.2769364123
0 0 117527.605734866 116954.366181124 116386.895430229 115825.278272688 115269.600268258 114719.947720798 114176.407651148 113639.067767998 113108.016436671 112583.342645778 0 0 0 110550.222421896 110058.790364919 109574.280721563 109096.785721241 108626.397867944 108163.20988591 107707.314662849 107258.805190718 106817.774504054 106384.315615872 105958.52145116 105540.484777996 105130.298136327 104728.05376446 104333.843523327 103947.758818594 103569.890520687 103200.328882837 102839.163457236 102486.483009432 102142.375431068 101806.927651117 101480.22554576 101162.353847055 100853.396050581 100553.434322224 100262.549404313 99980.8205212921 99708.3252851503 99445.1396008264 99191.3375718181 98946.9914062317 98712.1713235172 98486.945462137 98271.3797884229 98065.5380068808 97869.481472201 97683.2691032401 97506.9572992335 97340.5998585023 97184.2478999122 97037.9497873389 96901.7510573912 96775.694350633 96659.8193465395 96554.1627024137 96458.7579964759 96373.6356753299 96298.8230059939
