AgentSeal_with_GreySeals/Input/Small/ho_distance_noBay_id_GS_92.asc
NCOLS 174 
NROWS 185 
XLLCORNER 428292.82952926 
YLLCORNER 6186935.0366855 
CELLSIZE 1000 
NODATA_value -9999 
[rows 112 to 139 of 185, columns 65 to 129 of 174]
0 0 0 0 0 0 0 0 0 0 0 0 0 0 0 0 0 59141.6286408823 59626.4865420943 60124.0680294761 0 0 0 62235.4094760142 62791.9728285843 63359.4311114312 63937.4942410376 64525.8772035006 65124.3002875252 65732.4892804028 66350.1756294344 66977.0965712557 67612.9952314925 68257.6206971233 68910.7280638572 69572.0784607546 70241.4390542215 70918.5830334083 71603.2895789359 72295.3438167595 72994.5367588698 73700.6652324151 74413.5317987195 75132.9446635599 75858.7175799596 76590.6697446536 77328.6256892822 78072.4151672768 78821.8730373121 79576.839144117 80337.1581973572 81102.6796492305 81873.2575713476 82648.750531407 83429.0214701172 84213.937578763 85003.370177766 85797.1945965417 86595.2900549179 87397.5395463389 88203.8297230477 89014.0507834068 89828.0963614917 90645.8634190659 91467.2521400226
0 0 0 0 0 0 0 0 0 0 0 0 56008.3375010581 0 0 57320.9459692353 57786.4733814628 58265.4457197834 58757.5341891025 59262.4120589271 59779.7552863893 0 0 61403.3884999529 61967.4251388152 62542.3651407044 63127.9105978624 63723.7691564947 64329.6542394622 64945.2852301633 65570.3876203717 66204.6931247651 66847.9397648337 67499.8719247774 68160.2403819109 68828.8023139906 69505.3212857614 70189.5672168979 70881.316333389 71580.3511042833 72286.460165587 72999.4382329721 73719.0860048335 74445.2100571054 75177.6227311364 75916.1420158032 76660.5914249435 77410.7998710815 78166.6015363285 78927.8357412496 79694.3468124069 80465.9839492112 81242.6010906423 82024.0567823352 82810.214044466 83600.9402408178 84396.1069493571 85195.5898346026 85999.2685220308 86807.0264747208 87618.7508724097 88434.3324930986 89253.6655973212 90076.6478151632 90903.1800360993
0 0 0 0 0 0 0 0 0 53900.8981287499 54285.2878609333 54685.2643515866 55100.488167179 55530.6172783983 55975.3080775664 56434.2163358099 56906.9980977341 57393.3105122368 57892.8125989103 58405.1659502057 58930.0353701709 59467.0894511251 60016.0010900979 60576.4479472439 61148.1128487517 61730.684137001 62323.8559708938 62927.3285793957 63540.8084713891 64164.0086049514 64796.6485191541 65438.4544314221 66089.1593034125 66748.5028782695 67416.2316919959 68092.099061546 68775.865052109 69467.2964259041 70166.1665746601 70872.2554378049 71585.3494082413 72305.2412274415 73031.729871454 73764.6204292786 74503.7239749402 75248.857434466 75999.8434488592 76756.5102340488 77518.6914386985 78286.2260006617 79058.9580027791 79836.7365286415 80619.4155188577 81406.8536283079 82198.9140847936 82995.4645494427 83796.3769791768 84601.5274914988 85410.7962318193 86224.0672435015 87041.2283407719 87862.1709846104 88686.7901617114 89514.9842665794 90346.6549868033
0 50455.4404722296 50708.3536737807 50979.6311418958 51268.9813671217 51576.1001771246 51900.6721395716 52242.371956084 52600.8658356148 52975.8128367547 53366.866169688 0 0 0 55085.0709449254 55551.3339179717 56031.5657386487 56525.4103760692 57032.5142111195 57552.5267586061 58085.1013200338 58629.8955688743 59186.5720706617 59754.798740638 60334.2492419742 60924.6033278116 61525.547130519 62136.7734016519 62757.9817061284 63388.8785741258 64029.1776141455 64678.5995906089 65336.8724692331 66003.7314333012 66678.918873793 67362.184356183 68053.2845665432 68751.9832394196 69458.0510697784 70171.2656111494 70891.4111619242 71618.2786416115 72351.6654586889 73091.3753715481 73837.2183438886 74589.0103957788 75346.5734514856 76109.7351850513 76878.3288644931 77652.1931953997 78431.1721646068 79215.1148845516 80003.8754388263 80797.3127293832 81595.2903257797 82397.6763167918 83204.3431646769 84015.1675623148 84830.0302934188 85648.8160959676 86471.4135289773 87297.7148427031 88127.6158523333 88961.0158152151 89797.8173116333
49247.2917104807 49486.1738253798 49744.0153077154 50020.5229680053 50315.3890678713 50628.292842143 50958.9020208276 51306.8743369427 51671.8590074457 52053.4981758562 0 0 0 0 0 54672.4850971216 0 0 56176.8422383329 56704.7022999775 57245.1650533701 57797.8769596783 58362.4900094627 58938.6621765641 59526.0578085066 60124.3479572144 60733.2106539635 61352.3311325432 61981.4020045993 62620.1233910815 63268.2030136212 63925.3562495455 64591.306154078 65265.7834531108 65948.5265097475 66639.2812676232 67337.8011738125 68043.8470839387 68757.1871518967 69477.5967064166 70204.8581165007 70938.7606475932 71679.1003101673 72425.6797022544 73178.3078472854 73936.8000284743 74700.9776208392 75470.6679218333 76245.7039814451 77025.9244325225 77811.1733219799 78601.2999434597 79396.1586719423 80195.6088007239 80999.51438112 81807.744065191 82620.1709517374 83436.6724357631 84257.1300615642 85081.4293795648 85909.4598069875 86741.1144924188 87576.2901843041 88414.887103383 89256.8088190614
48274.4825704656 48518.1546073705 48781.1130004557 49063.0476491396 49363.6334124654 49682.5317665957 50019.3924572991 50373.8551319613 50745.5509371447 0 0 0 0 0 0 0 0 0 55326.0113373407 55861.9117964832 56410.4498175346 56971.2603658644 57543.9846268368 58128.2704524412 58723.7727402682 59330.1537492462 59947.083356638 60574.2392608131 61211.3071342603 61857.9807312142 62513.961954125 63178.9608830369 63852.6957717435 64534.893014379 65225.2870858831 65923.6204595469 66629.6435046212 67343.1143667371 68063.7988336674 68791.4701887412 69525.9090540138 70266.9032250996 71014.2474993859 71767.7434991693 72527.1994910949 73292.4302031226 74063.2566401054 74839.5058989344 75621.0109840853 76407.6106242937 77199.1490909854 77995.476019002 78796.4462300758 79601.9195594412 80411.7606858989 81225.8389655951 82044.0282697243 82866.2068263163 83692.2570662326 84522.0654734542 85355.5224397191 86192.5221235341 87032.962313565 87876.7442963891 88723.772728573
47302.8074650457 47551.4590011043 47819.7335018947 48107.3026810977 48413.822719439 48738.9360713566 49082.2732605806 0 0 0 0 0 0 0 0 0 0 0 54480.2483210984 55024.3865589346 55581.1908404776 56150.2843653005 56731.2973001907 57323.8672144609 57927.6394433579 58542.2673846699 59167.4127336721 59802.7456615098 60447.9449420222 61102.6980318567 61766.7011085325 62439.6590708927 63121.2855061415 63811.3026274057 64509.4411854952 65215.4403582724 65929.0476207711 66650.0185989504 67378.116909713 68113.1139895796 68854.7889141779 69602.9282104892 70357.325663594 71117.782119464 71884.1052851746 72656.1095277513 73433.6156727089 74216.4508032123 75004.4480606594 75797.4464473749 76595.2906320042 77397.8307581014 78204.9222563275 79016.4256605976 79832.2064284539 80652.1347658808 81476.0854567296 82303.9376968735 83135.5749331738 83970.8847073072 84809.7585044692 85652.0916069474 86497.7829525326 87346.7349977202 88198.8535856361
46332.3377427061 46586.1694042632 46859.9705379893 47153.393280651 0 0 0 0 0 0 0 0 0 0 0 0 0 0 53639.7929130748 54192.3707067339 54757.6360143002 55335.2000171058 55924.6816709012 56525.7081251544 57137.9150661683 57760.9469898753 58394.457410149 59038.1090083704 59691.5737298218 60354.5328322676 61026.6768918298 61707.7057709838 62397.3285532067 63095.2634484978 63801.2376736836 64514.9873111077 65236.2571490035 65964.8005065537 66700.3790463589 67442.7625767693 68191.728846283 68947.063331976 69708.5590237098 70476.0162056607 71249.2422365254 72028.0513295868 72812.2643336692 73601.7085158669 74396.2173468057 75195.6302890778 75999.7925893893 76808.5550748659 77621.7739538799 78439.3106216886 79261.0314711099 80086.8077084035 80916.5151744767 81750.0341714903 82587.2492949024 83428.0492709549 84272.3267995811 85119.9784026871 85970.9042777406 86825.0081565844 87682.1971693768
45363.1507650558 45622.3750630292 45901.9255091791 0 0 0 0 0 0 0 0 0 0 0 0 0 0 0 52804.8985453674 53366.1219262283 53940.0466119894 54526.2715354911 55124.4042745192 55734.0614497019 56354.8690419707 56986.4626362804 57628.4875981897 58280.5991897237 58942.4626307024 59613.7531114278 60294.1557623024 60983.365585603 61681.087354276 62387.0354822566 63100.9338704497 63822.5157321567 64551.5234013877 65287.7081271691 66030.8298566431 66780.6570094625 67536.9662457086 68299.5422293042 69068.1773886573 69842.6716760574 70622.8323271452 71408.4736215989 72199.4166460167 72995.4890598291 73796.524864943 74602.3641797006 75412.8530176335 76227.8430713982 77047.1915021971 77870.7607349174 78698.4182591573 79530.0364362534 80365.4923123744 81204.6674377085 82047.4476917311 82893.723114515 83743.3877440147 84596.3394592397 85452.4798292093 86311.7139675719 87173.9503927548
44395.3305423237 0 0 0 0 0 0 0 0 0 0 0 0 0 0 0 0 0 51975.8332017443 52545.9122679782 53128.6980372434 53723.7769911155 54330.7451932111 54949.2086595262 55578.7836441809 56219.0968481813 56869.7855586225 57530.4977254867 58200.8919828618 58880.6376210318 59569.4145154859 60266.913018474 60972.8338183066 61686.8877711734 62408.7957098346 63138.2882331346 63875.1054799044 64618.9968904457 65369.7209584525 66127.0449758982 66890.7447731223 67660.6044560755 68436.4161424313 69217.9796980419 70005.102475013 70797.5990524791 71595.2909810003 72398.0065313447 73205.5804482906 74017.8537099643 74834.6732931212 75655.8919446907 76481.367959819 77310.9649665799 78144.5517174567 78982.0018876503 79823.1938802207 80668.0106380332 81516.3394624437 82368.071838637 83223.1032675025 84081.3331039174 84942.6644012915 85807.003762216 86674.2611950484
0 0 0 0 0 0 0 0 0 0 0 0 0 0 0 0 0 50586.8708716602 51152.8803064358 51732.0289830494 52323.8806068662 52928.0090388832 53543.998728883 54171.4450512181 54809.9545520306 55459.1451165106 56118.6460645008 56788.0981823764 57467.1536986977 58155.4762106568 58852.7405678511 59558.6327194077 60272.8495299818 60995.0985696584 61725.0978823109 62462.5757365111 63207.2703626561 63958.9296795719 64717.3110134757 65482.1808118321 66253.3143543173 67030.4954628153 67813.5162121021 68602.1766426368 69396.2844766639 70195.6548386336 71000.1099807818 71809.4790145537 72623.5976484238 73442.3079325444 74265.4580105528 75092.9018787775 75924.4991530022 76760.1148428841 77599.6191340606 78442.8871779321 79289.7988890646 80140.2387501237 80994.0956242204 81851.2625745252 82711.6366909904 83575.118924001 84441.6139247672 85311.0298922592 86183.2784264817
0 0 0 0 0 0 0 0 0 0 0 0 0 0 0 0 0 49761.0433091492 50336.3396590728 50924.775397954 51525.9003646766 52139.2756705452 52764.4740948645 53401.0803782671 54048.6914237955 54706.9164154148 55375.3768632025 56053.7065839559 56741.5516254072 57438.5701416502 58144.4322267901 58858.8197132282 59581.4259404122 60311.9554993149 61050.1239573669 61795.6575680556 62548.2929689285 63307.776871293 64073.8657444979 64846.3254973053 65624.9311585238 66409.4665587633 67199.7240148948 67995.5040185493 68796.6149297701 69602.8726767336 70414.1004622803 71230.1284778473 72050.7936252554 72875.9392466929 73705.4148631306 74539.0759213227 75376.7835494672 76218.40432154 77063.8100302617 77912.877468611 78765.488219761 79621.5284552854 80480.8887414543 81343.4638534214 82209.1525970885 83077.857638422 83949.4853399854 84823.9456044515 85701.1517248483
0 0 0 0 0 0 0 0 0 0 0 0 0 0 0 47813.3876621076 48370.5044297194 48941.7138833942 49526.5284156132 50124.4718272528 50735.0799252311 51357.9009898 51992.4961233506 52638.4394924008 53295.3184740805 53962.7337179297 54640.2991332469 55327.6418115685 56024.4018931728 56730.2323857947 57444.7989430269 58167.77960919 58898.8645367789 59637.7556819532 60384.1664829355 61137.8215256104 61898.4562001017 62665.8163516157 63439.6579284043 64219.7466292998 65005.8575529158 65797.7748502828 66595.291382402 67398.2083839441 68206.335134092 69019.488635331 69837.493300813 70660.1806507712 71487.3890183307 72318.9632649464 73154.754505604 73994.6198438353 74838.422116532 75686.029648481 76537.3160164979 77392.1598229936 78250.4444787779 79112.0579948773 79976.8927831242 80844.8454652606 81715.8166902858 82589.7109597734 83466.4364608759 84345.9049067348 85228.031384014
0 0 0 0 0 0 0 0 0 0 0 0 0 0 0 46981.3789320405 47548.245240119 48129.2144593388 48723.7821144002 49331.456522082 49951.7593448778 50584.2260068008 51228.405985016 51883.8629905691 52550.1750509231 53226.9345063304 53913.7479312995 54610.2359915998 55316.0332463992 56030.7879042876 56754.1615411045 57485.8287866871 58225.4769868897 58972.8058465031 59727.5270580313 60489.3639206628 61258.0509532005 62033.333504201 62814.967362102 63602.7183676961 64396.362030933 65195.6831536989 66000.475459924 66810.5412341088 67625.6909691359 68445.7430240303 69270.5232921631 70099.8648802451 70933.6077983289 71771.5986609304 72613.6903992917 73459.7419847273 74309.6181629352 75163.1891991003 76020.3306335763 76880.9230478978 77744.8518408474 78612.0070142839 79482.2829684223 80355.5783062437 81231.7956467133 82110.8414464735 82992.625829687 83877.062425701 84764.0682142113
0 0 0 0 0 0 0 0 0 0 0 0 0 0 0 0 0 0 47928.4557456272 48546.0866519544 49176.2970167293 49818.6094480376 50472.5619162989 51137.7078627224 51813.6162076308 52499.8712719392 53196.0726241017 53901.8348638265 54616.7873528437 55340.5739020139 56072.8524231003 56813.2945526072 57561.5852542286 58317.4224056443 59080.5163746634 59850.5895890373 60627.3761036539 61410.6211682672 62200.0807984278 62995.5213518347 63796.7191119417 64603.4598803075 65415.5385788807 66232.7588631453 67054.9327468313 67881.8802386954 68713.4289917124 69549.4139648756 70389.6770976835 71234.0669972919 72082.438638223 72934.6530744591 73790.5771636882 74650.083303428 75513.0491787166 76379.357521033 77248.895878092 78121.5563941402 78997.2356003762 79875.8342151108 80757.2569532818 81641.4123449424 82528.212562344 83417.5732552437 84309.4133940717
0 0 0 0 0 0 0 0 0 0 0 0 0 0 0 0 0 0 0 47768.7393160848 48409.0705850317 49061.4285764806 49725.339948799 50400.3481345332 51086.0132633254 51781.9119982951 52487.6372992508 53202.7981248752 53927.0190848219 54659.9400514972 55401.2157401964 56150.5152652253 56907.5216786746 57671.9314976301 58443.4542247963 59221.8118667808 60006.7384536346 60797.9795626584 61595.2918489713 62398.4425848792 63207.2092096858 64021.3788912384 64840.7481002034 65665.1221978041 66494.3150375358 67328.148581181 68166.4525292912 69009.0639661677 69855.8270192627 70706.5925328301 71561.2177555845 72419.5660420629 73281.5065673409 74146.9140547181 75015.6685159592 75887.6550036617 76762.7633753066 77640.8880685417 78521.9278872491 79405.7857979434 80292.3687360598 81181.5874216925 82073.3561843576 82967.592796362 83864.2183143769
0 0 0 0 0 0 0 0 0 0 0 0 0 0 0 0 0 0 0 0 0 48313.0800156035 48987.1346340304 49672.1754980708 50367.7543451131 51073.4406206218 51788.8211478761 52513.4997400214 53247.0967659622 53989.2486802906 54739.6075261851 55497.8404190587 56263.6290176684 57036.6689884354 57816.6694678521 58603.3525270814 59396.4526421562 60195.7161725851 61000.9008506345 61811.775283092 62628.1184669154 63449.7193198244 64276.3762265968 65107.8966015763 65944.0964676905 66784.8000520971 67629.8393984276 68479.0539954782 69332.290422098 70189.4020079432 71050.2485097075 71914.6958023859 72782.6155850985 73653.885100969 74528.3868705426 75406.0084382126 76286.6421311248 77170.1848300289 78056.5377515513 78945.6062413727 79837.2995778063 80731.5307852818 81628.2164572608 82527.2765881193 83428.6344135541
0 0 0 0 0 0 0 0 0 0 0 0 0 0 0 0 0 0 0 0 0 0 0 0 0 0 51100.0188113048 51834.3282157126 52577.4023762371 53328.8749149207 54088.3957864326 54855.630684628 55630.2604421984 56411.9804290307 57200.4999539677 57995.5416738423 58796.8410129397 59604.1455954149 60417.2146926515 61235.8186870761 62059.73855355 62888.7653591125 63722.6997815694 64561.3516471778 65404.539487478 66252.0901151623 67103.8382187346 67959.6259756087 68819.3026832091 69682.7244075722 70549.7536488979 71420.2590234641 72294.114961297 73171.2014189718 74051.4036069153 74934.6117305801 75820.7207448683 76709.6301211903 77601.2436265576 78495.469114127 79392.2183246279 80291.4066981262 81192.9531955971 82096.7801298014 83002.8130049787
0 0 0 0 0 0 0 0 0 0 0 0 0 0 0 0 0 0 0 0 0 0 0 0 0 0 0 51165.6868243085 51918.3317072279 52679.2067738331 53447.9605352607 54224.2578966029 55007.7794815953 55798.2209622703 56595.2923979801 57398.7175873415 58208.2334359144 59023.5893417913 59844.54660073 60670.8778319999 61502.3664257237 62338.8060121663 63179.9999531578 64025.7608556083 64875.9101068961 65730.2774317634 66588.7004702382 67451.0243760139 68317.1014346492 69186.7907009038 70059.9576544918 70936.4738735138 71816.2167248194 72699.069070551 73584.918990125 74473.6595169177 75365.1883889392 76259.4078127992 77156.2242402863 78055.5481569111 78957.2938817839 79861.3793782258 80767.7260745369 81676.2586943718 82586.9050961983
0 0 0 0 0 0 0 0 0 0 0 0 0 0 0 0 0 0 0 0 0 0 0 0 0 0 0 0 51270.2944587872 52040.6452011239 52818.6937741533 53604.1049833527 54396.5599107593 55195.7551735941 56001.4021988902 56813.2265172502 57630.9670781161 58454.3755882947 59283.2158749502 60117.2632738256 60956.3040430847 61800.1348028587 62648.5620003366 63501.4014000364 64358.4775987365 65219.6235644272 66084.680198546 66953.4959206958 67825.9262749956 68701.8335571887 69581.086461611 70463.5597471254 71349.1339211292 72237.6949407561 73129.1339304129 74023.3469148132 74920.2345666997 75819.7019684714 76721.6583869662 77626.0170606792 78532.6949987289 79441.6127909165 80352.6944282544 81265.8671333724 82181.0612002392
0 0 0 0 0 0 0 0 0 0 0 0 0 0 0 0 0 0 0 0 0 0 0 0 0 0 0 0 0 51413.6040321845 52200.9994026626 52995.5658305042 53796.9855731139 54604.9568795026 55419.1931993859 56239.4224181702 57065.3861196777 57896.8388778388 58733.547578066 59575.2907686019 60421.858041788 61273.0494449273 62128.674920193 62988.5537728685 63852.5141670715 64720.3926480254 65592.0336898705 66467.2892679672 67346.0184546209 68228.0870371481 69113.3671572091 70001.7369703474 70893.080324699 71787.2864578593 72684.249710933 73583.8692588245 74486.048855865 75390.6965959118 76297.7246860963 77207.0492334338 78118.590043551 79032.270430824 79948.0170392576 80865.7596734733 81785.43113921
0 0 0 0 0 0 0 0 0 0 0 0 0 0 0 0 0 0 0 0 0 0 0 0 0 0 0 0 0 0 51595.2930533957 52399.0450707291 53209.4501323103 54026.2088475708 54849.0373798835 55677.6666227885 56511.8414106008 57351.3197640248 58195.872170919 59045.2809019693 59899.3393607223 60757.8514671931 61620.6310740812 62487.5014144952 63358.2945799921 64232.8510276757 65111.019115063 65992.6546614138 66877.6205342201 67765.7862595695 68657.027655122 69551.2264844748 70448.2701317302 71348.0512951247 72250.4676986264 73155.4218204555 74062.8206375325 74972.5753849087 75884.6013292838 76798.8175557597 77715.1467670324 78633.5150942644 79553.8519189261 80476.0897049362 81400.1638404706
0 0 0 0 0 0 0 0 0 0 0 0 0 0 0 0 0 0 0 0 0 0 0 0 0 0 0 0 0 0 0 0 52634.356745493 53459.9024416463 54291.3144814975 55128.3274477594 55970.6900640496 56818.1643957671 57670.5250917914 58527.5586661656 59389.0628186704 60254.8457930024 61124.7257711396 61998.5303023833 62876.0957655138 63757.2668624729 64641.8961419844 65529.8435515424 66420.9760162265 67315.167042849 68212.2963479839 69112.2495084895 70014.9176331889 70920.197054441 71827.9890383913 72738.199512758 73650.738811069 74565.521432327 75482.4658151371 76401.4941253891 77322.5320566417 78245.5086424065 79170.3560795796 80097.0095623173 81025.407125694
0 0 0 0 0 0 0 0 0 0 0 0 0 0 0 0 0 0 0 0 0 0 0 0 0 0 0 0 0 0 0 51243.7291537443 52072.1176508198 52906.437185841 53746.4115523805 54591.7797275046 55442.2949820342 56297.7240386627 57157.8462767094 58022.4529820177 58891.3466403085 59764.3402721681 60641.2568077709 61521.9284993939 62406.1963697761 63293.9096943899 64184.9255157323 65079.1081877942 65976.3289489279 66876.4655214049 67779.4017360303 68685.0271802574 69593.2368683281 70503.9309320391 71417.014330818 72332.3965798644 73249.9914951893 74169.716954454 75091.4946725815 76015.2499911752 76940.9116808437 77868.4117555887 78797.6852984681 79728.6702977978 80661.3074932056
0 0 0 0 0 0 0 0 0 0 0 0 0 0 0 0 0 0 0 0 0 0 0 0 0 0 0 0 0 0 49854.4285410311 50685.7939092533 51523.15366192 52366.2202409945 53214.722412006 54068.404271306 54927.0243095682 55790.3545298147 56658.1796179593 57530.2961636689 58406.5119292188 59286.6451639532 60170.5239619452 61057.9856604649 61948.8762769113 62843.0499819239 63740.3686064734 64640.7011808166 65543.9235032977 66449.9177370797 67358.5720329876 68269.7801767495 69183.4412590196 70099.4593666652 71017.7432938928 71938.2062718816 72860.7657156738 73785.3429871599 74711.8631730687 75640.2548769494 76570.4500241992 77502.3836792579 78435.9938741482 79371.2214475999 80308.0098940477
0 0 0 0 0 0 0 0 0 0 0 0 0 0 0 0 0 0 0 0 0 0 0 0 0 0 0 0 0 48466.5690215767 49301.0544692685 50141.5958146557 50987.893562088 51839.6657874772 52696.647028211 53558.5872393436 54425.2508136885 55296.415663146 56171.8723584139 57051.4233241245 57934.8820864165 58822.0725699588 59712.8284415001 60606.9924970918 61504.4160902374 62404.9585983324 63308.4869248831 64214.8750351242 65124.0035227806 66035.759205855 66950.0347494471 67866.7283137378 68785.7432253895 69706.9876707331 70630.3744092176 71555.8205057058 72483.2470802964 73412.5790744462 74343.745032251 75276.6768958278 76211.3098138156 77147.5819620803 78085.4343757811 79024.8107920098 79965.657502277
0 0 0 0 0 0 0 0 0 0 0 0 0 0 0 0 0 0 0 0 0 0 0 0 0 0 0 0 47080.2780396817 47918.0366809019 48761.9103236407 49611.5869275444 50466.77339129 51327.1943085372 52192.5908021901 53062.7194337359 53937.351184146 54816.2705026566 55699.2744196811 56586.1717201072 57476.7821732913 58370.9358161619 59268.4722859719 60169.2401993871 61073.0965747608 61979.9062946095 62889.5416054776 63801.881652547 64716.8120465165 65634.2244604342 66554.0162543267 67476.0901256119 68400.3537834288 69326.7196451465 70255.1045534434 71185.4295124626 72117.6194416614 73051.6029460738 73987.3121018012 74924.682255635 75863.6518377964 76804.1621868561 77746.1573859662 78689.5841096008 79634.3914800663
0 0 0 0 0 0 0 0 0 0 0 0 0 0 0 0 0 0 0 0 0 0 0 0 0 0 44861.0208176954 45695.6983518604 46536.8940403497 47384.2607411074 48237.4732447687 49096.2267806631 49960.2356195086 50829.231768888 51702.9637571567 52581.1955011711 53463.7052531051 54350.2846216045 55240.7376625977 56134.8800352014 57032.5382183274 57933.5487837876 58837.7577219086 59745.0198158854 60655.1980613291 61568.1631276878 62483.7928584373 63401.9718071498 64322.5908067542 65245.5465694913 66170.7413152534 67098.082426167 68027.4821254412 68958.8571786521 69892.1286157766 70827.2214724168 71764.0645487789 72702.5901850809 73642.734052168 74584.4349562083 75527.6346564314 76472.2776949523 77418.3112377971 78365.684926318 79314.3507382457
