AgentSeal_with_GreySeals/Input/land_distance_EastCoast_noBay_large.asc
NCOLS 284 
NROWS 185 
XLLCORNER 428292.82952926 
YLLCORNER 6186935 
CELLSIZE 1000 
NODATA_value -9999 
[rows 66 to 98 of 185, columns 148 to 221 of 284]
29068.88 30066.59 31064.45 32062.44 33015.15 33837.85 34669.87 35510.56 36359.32 37215.59 38078.87 38948.68 39824.62 40706.26 41593.27 42485.29 43382.02 44283.18 45188.49 46097.72 47010.64 47927.03 48846.7 49769.47 50695.17 51623.64 52554.73 53488.32 54424.26 55362.44 56302.75 57245.09 58137.77 59033.89 59933.3 60835.84 61741.4 62649.82 63560.99 64474.8 65391.13 66309.88 67230.95 68154.24 69079.66 70007.14 70936.59 71867.93 72801.1 73736.02 74672.62 75610.85 76550.64 77491.94 78434.69 79378.84 80324.34 81271.15 82219.22 83168.5 84118.96 85070.56 86023.25 86977.01 87931.79 88887.57 89844.31 90801.98 91760.56 92720.01 93680.31 94641.43 95603.35 96566.04
29154.76 30149.63 31144.82 32140.32 33136.08 34132.1 35128.34 36055.51 36891.73 37735.92 38587.56 39446.17 40311.29 41182.52 42059.48 42941.82 43829.21 44721.36 45617.98 46518.81 47423.62 48332.18 49244.29 50159.74 51078.37 52000 52924.47 53851.65 54781.38 55713.55 56648.04 57584.72 58523.5 59464.27 60373.84 61269.89 62169.12 63071.39 63976.56 64884.51 65795.14 66708.32 67623.96 68541.96 69462.22 70384.66 71309.19 72235.73 73164.2 74094.53 75026.66 75960.52 76896.03 77833.15 78771.82 79711.98 80653.58 81596.57 82540.9 83486.53 84433.41 85381.5 86330.76 87281.15 88232.65 89185.2 90138.78 91093.36 92048.9 93005.38 93962.76 94921.02 95880.13 96840.07
29274.56 30265.49 31257 32249.03 33241.54 34234.49 35227.83 36221.54 37215.59 38209.95 39115.21 39962.48 40816.66 41677.33 42544.09 43416.59 44294.47 45177.43 46065.17 46957.43 47853.94 48754.49 49658.84 50566.79 51478.15 52392.75 53310.41 54230.99 55154.33 56080.3 57008.77 57939.62 58872.74 59808.03 60745.37 61684.68 62609.9 63505.91 64404.97 65306.97 66211.78 67119.3 68029.41 68942 69857 70774.29 71693.79 72615.43 73539.11 74464.76 75392.31 76321.69 77252.83 78185.68 79120.16 80056.23 80993.83 81932.9 82873.4 83815.27 84758.48 85702.98 86648.72 87595.66 88543.77 89493.02 90443.35 91394.75 92347.17 93300.59 94254.97 95210.29 96166.52 97123.63
29427.88 30413.81 31400.64 32388.27 33376.64 34365.68 35355.34 36345.56 37336.31 38327.54 39319.21 40311.29 41303.75 42190.05 43046.49 43909 44777.23 45650.85 46529.56 47413.08 48301.14 49193.5 50089.92 50990.2 51894.12 52801.52 53712.2 54626 55542.78 56462.38 57384.67 58309.52 59236.81 60166.44 61098.28 62032.25 62968.25 63906.18 64845.97 65741.92 66640.83 67542.58 68447.06 69354.16 70263.79 71175.84 72090.22 73006.85 73925.64 74846.51 75769.39 76694.2 77620.87 78549.35 79479.56 80411.44 81344.94 82280.01 83216.58 84154.62 85094.07 86034.88 86977.01 87920.42 88865.07 89810.91 90757.92 91706.05 92655.28 93605.56 94556.86 95509.16 96462.43 97416.63
29614.19 30594.12 31575.31 32557.64 33541.02 34525.35 35510.56 36496.58 37483.33 38470.77 39458.84 40447.5 41436.7 42426.41 43416.59 44407.21 45276.93 46141.09 47010.64 47885.28 48764.74 49648.77 50537.12 51429.56 52325.9 53225.93 54129.47 55036.35 55946.4 56859.48 57775.43 58694.12 59615.43 60539.24 61465.44 62393.91 63324.56 64257.3 65192.02 66128.66 67067.13 67977.94 68876.7 69778.22 70682.39 71589.11 72498.28 73409.81 74323.62 75239.62 76157.73 77077.88 78000 78924.01 79849.86 80777.47 81706.79 82637.76 83570.33 84504.44 85440.04 86377.08 87315.52 88255.31 89196.41 90138.78 91082.38 92027.17 92973.11 93920.18 94868.33 95817.53 96767.76 97718.98
29832.87 30805.84 31780.5 32756.68 33734.26 34713.11 35693.14 36674.24 37656.34 38639.36 39623.23 40607.88 41593.27 42579.34 43566.04 44553.34 45541.19 46529.56 47507.89 48373.55 49244.29 50119.86 51000 51884.49 52773.1 53665.63 54561.89 55461.7 56364.88 57271.28 58180.75 59093.15 60008.33 60926.18 61846.58 62769.42 63694.58 64621.98 65551.51 66483.08 67416.62 68352.03 69289.25 70213.96 71112.59 72013.89 72917.76 73824.12 74732.86 75643.9 76557.17 77472.58 78390.05 79309.52 80230.92 81154.17 82079.23 83006.02 83934.5 84864.6 85796.27 86729.46 87664.13 88600.23 89537.7 90476.52 91416.63 92358 93300.59 94244.36 95189.29 96135.32 97082.44 98030.61
30083.22 31048.35 32015.62 32984.85 33955.85 34928.5 35902.65 36878.18 37854.99 38832.98 39812.06 40792.16 41773.2 42755.12 43737.86 44721.36 45705.58 46690.47 47675.99 48662.1 49648.77 50606.32 51478.15 52354.56 53235.33 54120.24 55009.09 55901.7 56797.89 57697.49 58600.34 59506.3 60415.23 61326.99 62241.47 63158.53 64078.08 65000 65924.2 66850.58 67779.05 68709.53 69641.94 70576.2 71512.24 72449.98 73348.48 74249.58 75153.18 76059.19 76967.53 77878.11 78790.86 79705.71 80622.58 81541.4 82462.11 83384.65 84308.96 85234.97 86162.64 87091.91 88022.72 88955.04 89888.82 90824.01 91760.56 92698.44 93637.6 94578.01 95519.63 96462.43 97406.37 98351.41
30364.45 31320.92 32280.02 33241.54 34205.26 35171.01 36138.62 37107.95 38078.87 39051.25 40024.99 41000 41976.18 42953.46 43931.77 44911.02 45891.18 46872.17 47853.94 48836.46 49819.67 50803.54 51788.03 52773.1 53712.2 54589.38 55470.71 56356.01 57245.09 58137.77 59033.89 59933.3 60835.84 61741.4 62649.82 63560.99 64474.8 65391.13 66309.88 67230.95 68154.24 69079.66 70007.14 70936.59 71867.93 72801.1 73736.02 74672.62 75584.39 76485.29 77388.63 78294.32 79202.27 80112.42 81024.69 81939 82855.3 83773.5 84693.57 85615.42 86539.01 87464.28 88391.18 89319.65 90249.65 91181.14 92114.06 93048.37 93984.04 94921.02 95859.27 96798.76 97739.45 98681.31
30675.72 31622.78 32572.99 33526.11 34481.88 35440.09 36400.55 37363.08 38327.54 39293.77 40261.64 41231.06 42201.9 43174.07 44147.48 45122.06 46097.72 47074.41 48052.06 49030.6 50010 50990.2 51971.15 52952.81 53935.15 54918.12 55901.7 56824.29 57706.15 58591.81 59481.09 60373.84 61269.89 62169.12 63071.39 63976.56 64884.51 65795.14 66708.32 67623.96 68541.96 69462.22 70384.66 71309.19 72235.73 73164.2 74094.53 75026.66 75960.52 76896.03 77820.31 78721.03 79624.12 80529.5 81437.09 82346.83 83258.63 84172.44 85088.19 86005.81 86925.26 87846.46 88769.36 89693.92 90620.09 91547.8 92477.02 93407.71 94339.81 95273.29 96208.11 97144.22 98081.6 99020.2
31016.12 31953.09 32893.77 33837.85 34785.05 35735.14 36687.87 37643.06 38600.52 39560.08 40521.6 41484.94 42449.97 43416.59 44384.68 45354.16 46324.94 47296.93 48270.07 49244.29 50219.52 51195.7 52172.79 53150.73 54129.47 55108.98 56089.21 57070.13 58051.7 59033.89 59941.64 60827.63 61717.1 62609.9 63505.91 64404.97 65306.97 66211.78 67119.3 68029.41 68942 69857 70774.29 71693.79 72615.43 73539.11 74464.76 75392.31 76321.69 77252.83 78185.68 79120.16 80056.23 80956.78 81859.64 82764.73 83671.98 84581.32 85492.69 86406.02 87321.25 88238.31 89157.16 90077.74 91000 91923.88 92849.34 93776.33 94704.8 95634.72 96566.04 97498.72 98432.72 99368
31320.92 32280.02 33241.54 34176.01 35114.1 36055.51 37000 37947.33 38897.3 39849.72 40804.41 41761.23 42720.02 43680.66 44643.03 45607.02 46572.52 47539.46 48507.73 49477.27 50447.99 51419.84 52392.75 53366.66 54341.51 55317.27 56293.87 57271.28 58249.46 59228.37 60207.97 61188.23 62169.12 63063.46 63953.11 64845.97 65741.92 66640.83 67542.58 68447.06 69354.16 70263.79 71175.84 72090.22 73006.85 73925.64 74846.51 75769.39 76694.2 77620.87 78549.35 79479.56 80411.44 81344.94 82280.01 83192.55 84095.18 85000 85906.93 86815.9 87726.85 88639.72 89554.45 90470.99 91389.28 92309.26 93230.9 94154.13 95078.91 96005.21 96932.97 97862.15 98792.71 99724.62
31622.78 32572.99 33526.11 34481.88 35440.09 36400.55 37336.31 38275.32 39217.34 40162.17 41109.61 42059.48 43011.63 43965.9 44922.15 45880.28 46840.15 47801.67 48764.74 49729.27 50695.17 51662.37 52630.79 53600.37 54571.05 55542.78 56515.48 57489.13 58463.66 59439.04 60415.23 61392.18 62369.86 63348.24 64327.29 65299.31 66189.12 67082.04 67977.94 68876.7 69778.22 70682.39 71589.11 72498.28 73409.81 74323.62 75239.62 76157.73 77077.88 78000 78924.01 79849.86 80777.47 81706.79 82637.76 83570.33 84504.44 85428.33 86330.76 87235.31 88141.93 89050.55 89961.1 90873.54 91787.8 92703.83 93621.58 94541 95462.03 96384.65 97308.79 98234.41 99161.48 100089.96
31953.09 32893.77 33837.85 34785.05 35735.14 36687.87 37643.06 38600.52 39560.08 40496.91 41436.7 42379.24 43324.36 44271.89 45221.68 46173.59 47127.49 48083.26 49040.8 50000 50960.77 51923.02 52886.67 53851.65 54817.88 55785.3 56753.85 57723.48 58694.12 59665.74 60638.27 61611.69 62585.94 63560.99 64536.81 65513.36 66490.6 67468.51 68425.14 69318.11 70213.96 71112.59 72013.89 72917.76 73824.12 74732.86 75643.9 76557.17 77472.58 78390.05 79309.52 80230.92 81154.17 82079.23 83006.02 83934.5 84864.6 85796.27 86729.46 87664.13 88566.36 89470.67 90376.99 91285.27 92195.44 93107.46 94021.27 94936.82 95854.06 96772.93 97693.4 98615.41 99538.94 100463.92
32310.99 33241.54 34176.01 35114.1 36055.51 37000 37947.33 38897.3 39849.72 40804.41 41761.23 42720.02 43657.76 44598.21 45541.19 46486.56 47434.16 48383.88 49335.59 50289.16 51244.51 52201.53 53160.14 54120.24 55081.76 56044.63 57008.77 57974.13 58940.65 59908.26 60876.93 61846.58 62817.2 63788.71 64761.1 65734.31 66708.32 67683.09 68658.58 69634.76 70611.61 71554.18 72449.98 73348.48 74249.58 75153.18 76059.19 76967.53 77878.11 78790.86 79705.71 80622.58 81541.4 82462.11 83384.65 84308.96 85234.97 86162.64 87091.91 88022.72 88955.04 89888.82 90801.98 91706.05 92612.09 93520.05 94429.87 95341.49 96254.87 97169.95 98086.7 99005.05 99924.97 100846.42
32695.57 33615.47 34539.83 35468.3 36400.55 37336.31 38275.32 39217.34 40162.17 41109.61 42059.48 43011.63 43965.9 44922.15 45880.28 46818.8 47759.82 48703.18 49648.77 50596.44 51546.1 52497.62 53450.91 54405.88 55362.44 56320.51 57280.01 58240.88 59203.04 60166.44 61131.01 62096.7 63063.46 64031.24 65000 65969.69 66940.27 67911.71 68883.96 69857 70830.78 71805.29 72780.49 73756.36 74686.01 75584.39 76485.29 77388.63 78294.32 79202.27 80112.42 81024.69 81939 82855.3 83773.5 84693.57 85615.42 86539.01 87464.28 88391.18 89319.65 90249.65 91181.14 92114.06 93037.63 93941.47 94847.25 95754.9 96664.37 97575.61 98488.58 99403.22 100319.49 101237.34
33105.89 34014.7 34928.5 35846.9 36769.55 37696.15 38626.42 39560.08 40496.91 41436.7 42379.24 43324.36 44271.89 45221.68 46173.59 47127.49 48083.26 49040.8 49980 50921.51 51865.21 52810.98 53758.72 54708.32 55659.68 56612.72 57567.35 58523.5 59481.09 60440.05 61400.33 62361.85 63324.56 64288.41 65253.35 66219.33 67186.31 68154.24 69123.08 70092.8 71063.35 72034.71 73006.85 73979.73 74953.32 75927.6 76902.54 77820.31 78721.03 79624.12 80529.5 81437.09 82346.83 83258.63 84172.44 85088.19 86005.81 86925.26 87846.46 88769.36 89693.92 90620.09 91547.8 92477.02 93407.71 94339.81 95273.29 96176.92 97082.44 97989.8 98898.94 99809.82 100722.39 101636.61
33541.02 34438.35 35341.19 36249.14 37161.81 38078.87 39000 39924.93 40853.4 41785.16 42720.02 43657.76 44598.21 45541.19 46486.56 47434.16 48383.88 49335.59 50289.16 51244.51 52201.53 53141.32 54083.27 55027.27 55973.21 56921 57870.55 58821.76 59774.58 60728.91 61684.68 62641.84 63600.31 64560.05 65520.99 66483.08 67446.27 68410.53 69375.79 70342.02 71309.19 72277.24 73246.16 74215.9 75186.43 76157.73 77129.76 78102.5 79075.91 80049.98 80956.78 81859.64 82764.73 83671.98 84581.32 85492.69 86406.02 87321.25 88238.31 89157.16 90077.74 91000 91923.88 92849.34 93776.33 94704.8 95634.72 96566.04 97498.72 98412.4 99317.67 100224.75 101133.58 102044.11
34000 34885.53 35777.09 36674.24 37576.59 38483.76 39395.43 40311.29 41231.06 42154.48 43081.32 44011.36 44944.41 45880.28 46818.8 47759.82 48703.18 49648.77 50596.44 51546.1 52497.62 53450.91 54405.88 55362.44 56302.75 57245.09 58189.35 59135.44 60083.28 61032.78 61983.87 62936.48 63890.53 64845.97 65802.74 66760.77 67720.01 68680.42 69641.94 70604.53 71568.15 72532.75 73498.3 74464.76 75432.09 76400.26 77369.24 78339.01 79309.52 80280.76 81252.69 82225.3 83192.55 84095.18 85000 85906.93 86815.9 87726.85 88639.72 89554.45 90470.99 91389.28 92309.26 93230.9 94154.13 95078.91 96005.21 96932.97 97862.15 98792.71 99724.62 100647.9 101552.94 102459.75
34438.35 35341.19 36235.34 37121.42 38013.16 38910.15 39812.06 40718.55 41629.32 42544.09 43462.63 44384.68 45310.04 46238.51 47169.91 48104.05 49040.8 49980 50921.51 51865.21 52810.98 53758.72 54708.32 55659.68 56612.72 57567.35 58523.5 59464.27 60406.95 61351.45 62297.67 63245.55 64195.02 65145.99 66098.41 67052.22 68007.35 68963.76 69921.38 70880.18 71840.1 72801.1 73763.13 74726.17 75690.16 76655.07 77620.87 78587.53 79555.01 80523.29 81492.33 82462.11 83432.61 84403.79 85375.64 86330.76 87235.31 88141.93 89050.55 89961.1 90873.54 91787.8 92703.83 93621.58 94541 95462.03 96384.65 97308.79 98234.41 99161.48 100089.96 101019.8 101950.97 102883.43
34885.53 35777.09 36674.24 37576.59 38470.77 39357.34 40249.22 41146.08 42047.59 42953.46 43863.42 44777.23 45694.64 46615.45 47539.46 48466.48 49396.36 50328.92 51264.02 52201.53 53141.32 54083.27 55027.27 55973.21 56921 57870.55 58821.76 59774.58 60728.91 61684.68 62625.87 63568.86 64513.56 65459.91 66407.83 67357.26 68308.13 69260.38 70213.96 71168.81 72124.89 73082.15 74040.53 75000 75960.52 76922.04 77884.53 78847.95 79812.28 80777.47 81743.5 82710.34 83677.95 84646.32 85615.42 86585.22 87555.7 88526.83 89470.67 90376.99 91285.27 92195.44 93107.46 94021.27 94936.82 95854.06 96772.93 97693.4 98615.41 99538.94 100463.92 101390.33 102318.13 103247.28
35355.34 36235.34 37121.42 38013.16 38910.15 39812.06 40706.26 41593.27 42485.29 43382.02 44283.18 45188.49 46097.72 47010.64 47927.03 48846.7 49769.47 50695.17 51623.64 52554.73 53488.32 54424.26 55362.44 56302.75 57245.09 58189.35 59135.44 60083.28 61032.78 61983.87 62936.48 63890.53 64845.97 65787.54 66730.8 67675.7 68622.15 69570.11 70519.5 71470.27 72422.37 73375.75 74330.34 75286.12 76243.03 77201.04 78160.09 79120.16 80081.21 81043.2 82006.1 82969.87 83934.5 84899.94 85866.17 86833.17 87800.91 88769.36 89738.51 90708.32 91678.79 92612.09 93520.05 94429.87 95341.49 96254.87 97169.95 98086.7 99005.05 99924.97 100846.42 101769.35 102693.72 103619.5
35846.9 36715.12 37589.89 38470.77 39357.34 40249.22 41146.08 42047.59 42941.82 43829.21 44721.36 45617.98 46518.81 47423.62 48332.18 49244.29 50159.74 51078.37 52000 52924.47 53851.65 54781.38 55713.55 56648.04 57584.72 58523.5 59464.27 60406.95 61351.45 62297.67 63245.55 64195.02 65145.99 66098.41 67052.22 68007.35 68949.26 69892.78 70837.84 71784.4 72732.39 73681.75 74632.43 75584.39 76537.57 77491.94 78447.43 79404.03 80361.68 81320.35 82280.01 83240.62 84202.14 85164.55 86127.81 87091.91 88056.8 89022.47 89988.89 90956.03 91923.88 92892.41 93861.6 94831.43 95754.9 96664.37 97575.61 98488.58 99403.22 100319.49 101237.34 102156.74 103077.64 104000
36359.32 37215.59 38078.87 38948.68 39824.62 40706.26 41593.27 42485.29 43382.02 44283.18 45177.43 46065.17 46957.43 47853.94 48754.49 49658.84 50566.79 51478.15 52392.75 53310.41 54230.99 55154.33 56080.3 57008.77 57939.62 58872.74 59808.03 60745.37 61684.68 62625.87 63568.86 64513.56 65459.91 66407.83 67357.26 68308.13 69260.38 70213.96 71168.81 72111.03 73054.77 74000 74946.65 75894.66 76844 77794.6 78746.43 79699.44 80653.58 81608.82 82565.13 83522.45 84480.77 85440.04 86400.23 87361.32 88323.27 89286.06 90249.65 91214.03 92179.17 93145.05 94111.64 95078.91 96046.86 97015.46 97984.69 98898.94 99809.82 100722.39 101636.61 102552.43 103469.8 104388.7
36891.73 37735.92 38587.56 39446.17 40311.29 41182.52 42059.48 42941.82 43829.21 44721.36 45617.98 46518.81 47413.08 48301.14 49193.5 50089.92 50990.2 51894.12 52801.52 53712.2 54626 55542.78 56462.38 57384.67 58309.52 59236.81 60166.44 61098.28 62032.25 62968.25 63906.18 64845.97 65787.54 66730.8 67675.7 68622.15 69570.11 70519.5 71470.27 72422.37 73375.75 74330.34 75272.84 76216.8 77162.17 78108.9 79056.94 80006.25 80956.78 81908.49 82861.33 83815.27 84770.28 85726.31 86683.33 87641.31 88600.23 89560.04 90520.72 91482.24 92444.58 93407.71 94371.61 95336.25 96301.61 97267.67 98234.41 99201.81 100169.86 101133.58 102044.11 102956.3 103870.11 104785.5
37443.29 38275.32 39115.21 39962.48 40816.66 41677.33 42544.09 43416.59 44294.47 45177.43 46065.17 46957.43 47853.94 48754.49 49648.77 50537.12 51429.56 52325.9 53225.93 54129.47 55036.35 55946.4 56859.48 57775.43 58694.12 59615.43 60539.24 61465.44 62393.91 63324.56 64257.3 65192.02 66128.66 67067.13 68007.35 68949.26 69892.78 70837.84 71784.4 72732.39 73681.75 74632.43 75584.39 76537.57 77491.94 78434.69 79378.84 80324.34 81271.15 82219.22 83168.5 84118.96 85070.56 86023.25 86977.01 87931.79 88887.57 89844.31 90801.98 91760.56 92720.01 93680.31 94641.43 95603.35 96566.04 97529.48 98493.65 99458.53 100424.1 101390.33 102357.22 103324.73 104278.47 105190.3
38013.16 38832.98 39661.06 40496.91 41340.05 42190.05 43046.49 43909 44777.23 45650.85 46529.56 47413.08 48301.14 49193.5 50089.92 50990.2 51884.49 52773.1 53665.63 54561.89 55461.7 56364.88 57271.28 58180.75 59093.15 60008.33 60926.18 61846.58 62769.42 63694.58 64621.98 65551.51 66483.08 67416.62 68352.03 69289.25 70228.2 71168.81 72111.03 73054.77 74000 74946.65 75894.66 76844 77794.6 78746.43 79699.44 80653.58 81596.57 82540.9 83486.53 84433.41 85381.5 86330.76 87281.15 88232.65 89185.2 90138.78 91093.36 92048.9 93005.38 93962.76 94921.02 95880.13 96840.07 97800.82 98762.34 99724.62 100687.64 101651.36 102615.79 103580.89 104546.64 105513.03
38587.56 39408.12 40224.37 41048.75 41880.78 42720.02 43566.04 44418.46 45276.93 46141.09 47010.64 47885.28 48764.74 49648.77 50537.12 51429.56 52325.9 53225.93 54120.24 55009.09 55901.7 56797.89 57697.49 58600.34 59506.3 60415.23 61326.99 62241.47 63158.53 64078.08 65000 65924.2 66850.58 67779.05 68709.53 69641.94 70576.2 71512.24 72449.98 73389.37 74330.34 75272.84 76216.8 77162.17 78108.9 79056.94 80006.25 80956.78 81908.49 82861.33 83815.27 84758.48 85702.98 86648.72 87595.66 88543.77 89493.02 90443.35 91394.75 92347.17 93300.59 94254.97 95210.29 96166.52 97123.63 98081.6 99040.4 1e+05 100960.39 101921.54 102883.43 103846.04 104809.35 105773.34
39115.21 39962.48 40804.41 41617.3 42438.19 43266.62 44102.15 44944.41 45793.01 46647.62 47507.89 48373.55 49244.29 50119.86 51000 51884.49 52773.1 53665.63 54561.89 55461.7 56356.01 57245.09 58137.77 59033.89 59933.3 60835.84 61741.4 62649.82 63560.99 64474.8 65391.13 66309.88 67230.95 68154.24 69079.66 70007.14 70936.59 71867.93 72801.1 73736.02 74672.62 75610.85 76550.64 77491.94 78434.69 79378.84 80324.34 81271.15 82219.22 83168.5 84118.96 85070.56 86023.25 86977.01 87920.42 88865.07 89810.91 90757.92 91706.05 92655.28 93605.56 94556.86 95509.16 96462.43 97416.63 98371.74 99327.74 100284.6 101242.28 102200.78 103160.07 104120.12 105080.92 106042.44
39661.06 40496.91 41340.05 42190.05 43011.63 43829.21 44654.23 45486.26 46324.94 47169.91 48020.83 48877.4 49739.32 50606.32 51478.15 52354.56 53235.33 54120.24 55009.09 55901.7 56797.89 57697.49 58591.81 59481.09 60373.84 61269.89 62169.12 63071.39 63976.56 64884.51 65795.14 66708.32 67623.96 68541.96 69462.22 70384.66 71309.19 72235.73 73164.2 74094.53 75026.66 75960.52 76896.03 77833.15 78771.82 79711.98 80653.58 81596.57 82540.9 83486.53 84433.41 85381.5 86330.76 87281.15 88232.65 89185.2 90138.78 91082.38 92027.17 92973.11 93920.18 94868.33 95817.53 96767.76 97718.98 98671.17 99624.29 100578.33 101533.25 102489.02 103445.64 104403.07 105361.28 106320.27
40224.37 41048.75 41880.78 42720.02 43566.04 44407.21 45221.68 46043.46 46872.17 47707.44 48548.94 49396.36 50249.38 51107.73 51971.15 52839.38 53712.2 54589.38 55470.71 56356.01 57245.09 58137.77 59033.89 59933.3 60827.63 61717.1 62609.9 63505.91 64404.97 65306.97 66211.78 67119.3 68029.41 68942 69857 70774.29 71693.79 72615.43 73539.11 74464.76 75392.31 76321.69 77252.83 78185.68 79120.16 80056.23 80993.83 81932.9 82873.4 83815.27 84758.48 85702.98 86648.72 87595.66 88543.77 89493.02 90443.35 91394.75 92347.17 93300.59 94244.36 95189.29 96135.32 97082.44 98030.61 98979.8 99929.98 100881.12 101833.2 102786.19 103740.06 104694.79 105650.37 106606.75
40804.41 41617.3 42438.19 43266.62 44102.15 44944.41 45793.01 46615.45 47434.16 48259.71 49091.75 49929.95 50774.01 51623.64 52478.57 53338.54 54203.32 55072.68 55946.4 56824.29 57706.15 58591.81 59481.09 60373.84 61269.89 62169.12 63063.46 63953.11 64845.97 65741.92 66640.83 67542.58 68447.06 69354.16 70263.79 71175.84 72090.22 73006.85 73925.64 74846.51 75769.39 76694.2 77620.87 78549.35 79479.56 80411.44 81344.94 82280.01 83216.58 84154.62 85094.07 86034.88 86977.01 87920.42 88865.07 89810.91 90757.92 91706.05 92655.28 93605.56 94556.86 95509.16 96462.43 97406.37 98351.41 99297.53 100244.7 101192.89 102142.06 103092.19 104043.26 104995.24 105948.1 106901.82
41400.48 42201.9 43011.63 43829.21 44654.23 45486.26 46324.94 47169.91 48010.42 48826.22 49648.77 50477.72 51312.77 52153.62 53000 53851.65 54708.32 55569.78 56435.8 57306.2 58180.75 59059.29 59941.64 60827.63 61717.1 62609.9 63505.91 64404.97 65299.31 66189.12 67082.04 67977.94 68876.7 69778.22 70682.39 71589.11 72498.28 73409.81 74323.62 75239.62 76157.73 77077.88 78000 78924.01 79849.86 80777.47 81706.79 82637.76 83570.33 84504.44 85440.04 86377.08 87315.52 88255.31 89196.41 90138.78 91082.38 92027.17 92973.11 93920.18 94868.33 95817.53 96767.76 97718.98 98671.17 99624.29 100568.38 101513.55 102459.75 103406.96 104355.16 105304.32 106254.41 107205.41
42011.9 42801.87 43600.46 44407.21 45221.68 46043.46 46872.17 47707.44 48548.94 49396.36 50219.52 51039.2 51865.21 52697.25 53535.04 54378.3 55226.81 56080.3 56938.56 57801.38 58668.56 59539.9 60415.23 61294.37 62177.17 63063.46 63953.11 64845.97 65741.92 66640.83 67535.18 68425.14 69318.11 70213.96 71112.59 72013.89 72917.76 73824.12 74732.86 75643.9 76557.17 77472.58 78390.05 79309.52 80230.92 81154.17 82079.23 83006.02 83934.5 84864.6 85796.27 86729.46 87664.13 88600.23 89537.7 90476.52 91416.63 92358 93300.59 94244.36 95189.29 96135.32 97082.44 98030.61 98979.8 99929.98 100881.12 101833.2 102786.19 103730.42 104675.69 105621.97 106569.23 107517.44
