AgentSeal_with_GreySeals/Input/land_distance_EastCoast_noBay_large.asc
NCOLS 284 
NROWS 185 
XLLCORNER 428292.82952926 
YLLCORNER 6186935 
CELLSIZE 1000 
NODATA_value -9999 
[rows 0 to 32 of 185, columns 148 to 221 of 284]
4123.11 5099.02 6082.76 7071.07 8062.26 9055.39 10049.88 11045.36 12041.59 13038.4 14035.67 15033.3 16031.22 17029.39 18027.76 19026.3 20024.98 21023.8 22022.72 23021.73 24020.82 25019.99 26019.22 27018.51 28017.85 29017.24 30016.66 31016.12 32015.62 33015.15 34014.7 35014.28 36013.89 37013.51 38013.16 39012.82 40012.5 41012.19 42011.9 43011.63 44011.36 45011.11 46010.87 47010.64 48010.42 49010.2 50010 51009.8 52009.61 53009.43 54009.26 55009.09 56008.93 57008.77 58008.62 59008.47 60008.33 61008.2 62008.06 63007.94 64007.81 65007.69 66007.58 67007.46 68007.35 69007.25 70007.14 71007.04 72006.94 73006.85 74006.76 75006.67 76006.58 77006.49
4000 5000 6000 7000 8000 9000 10000 11000 12000 13000 14000 15000 16000 17000 18000 19000 20000 21000 22000 23000 24000 25000 26000 27000 28000 29000 30000 31000 32000 33000 34000 35000 36000 37000 38000 39000 40000 41000 42000 43000 44000 45000 46000 47000 48000 49000 50000 51000 52000 53000 54000 55000 56000 57000 58000 59000 60000 61000 62000 63000 64000 65000 66000 67000 68000 69000 70000 71000 72000 73000 74000 75000 76000 77000
4123.11 5099.02 6082.76 7071.07 8062.26 9055.39 10049.88 11045.36 12041.59 13038.4 14035.67 15033.3 16031.22 17029.39 18027.76 19026.3 20024.98 21023.8 22022.72 23021.73 24020.82 25019.99 26019.22 27018.51 28017.85 29017.24 30016.66 31016.12 32015.62 33015.15 34014.7 35014.28 36013.89 37013.51 38013.16 39012.82 40012.5 41012.19 42011.9 43011.63 44011.36 45011.11 46010.87 47010.64 48010.42 49010.2 50010 51009.8 52009.61 53009.43 54009.26 55009.09 56008.93 57008.77 58008.62 59008.47 60008.33 61008.2 62008.06 63007.94 64007.81 65007.69 66007.58 67007.46 68007.35 69007.25 70007.14 71007.04 72006.94 73006.85 74006.76 75006.67 76006.58 77006.49
4472.14 5385.16 6324.56 7280.11 8246.21 9219.54 10198.04 11180.34 12165.53 13152.95 14142.14 15132.75 16124.52 17117.24 18110.77 19104.97 20099.75 21095.02 22090.72 23086.79 24083.19 25079.87 26076.81 27073.97 28071.34 29068.88 30066.59 31064.45 32062.44 33060.55 34058.77 35057.1 36055.51 37054.01 38052.6 39051.25 40049.97 41048.75 42047.59 43046.49 44045.43 45044.42 46043.46 47042.53 48041.65 49040.8 50039.98 51039.2 52038.45 53037.72 54037.02 55036.35 56035.7 57035.08 58034.47 59033.89 60033.32 61032.78 62032.25 63031.74 64031.24 65030.76 66030.3 67029.84 68029.41 69028.98 70028.57 71028.16 72027.77 73027.39 74027.02 75026.66 76026.31 77025.97
5000 5830.95 6708.2 7615.77 8544 9486.83 10440.31 11401.75 12369.32 13341.66 14317.82 15297.06 16278.82 17262.68 18248.29 19235.38 20223.75 21213.2 22203.6 23194.83 24186.77 25179.36 26172.5 27166.16 28160.26 29154.76 30149.63 31144.82 32140.32 33136.08 34132.1 35128.34 36124.78 37121.42 38118.24 39115.21 40112.34 41109.61 42107.01 43104.52 44102.15 45099.89 46097.72 47095.65 48093.66 49091.75 50089.92 51088.16 52086.47 53084.84 54083.27 55081.76 56080.3 57078.89 58077.53 59076.22 60074.95 61073.73 62072.54 63071.39 64070.27 65069.19 66068.15 67067.13 68066.14 69065.19 70064.26 71063.35 72062.47 73061.62 74060.79 75059.98 76059.19 77058.42
5385.16 6324.56 7211.1 8062.26 8944.27 9848.86 10770.33 11704.7 12649.11 13601.47 14560.22 15524.17 16492.42 17464.25 18439.09 19416.49 20396.08 21377.56 22360.68 23345.24 24331.05 25317.98 26305.89 27294.69 28284.27 29274.56 30265.49 31257 32249.03 33241.54 34234.49 35227.83 36221.54 37215.59 38209.95 39204.59 40199.5 41194.66 42190.05 43185.65 44181.44 45177.43 46173.59 47169.91 48166.38 49162.99 50159.74 51156.62 52153.62 53150.73 54147.95 55145.26 56142.68 57140.18 58137.77 59135.44 60133.19 61131.01 62128.9 63126.86 64124.88 65122.96 66121.1 67119.3 68117.55 69115.84 70114.19 71112.59 72111.03 73109.51 74108.03 75106.59 76105.19 77103.83
5830.95 6708.2 7615.77 8544 9433.98 10295.63 11180.34 12083.05 13000 13928.39 14866.07 15811.39 16763.05 17720.05 18681.54 19646.88 20615.53 21587.03 22561.03 23537.2 24515.3 25495.1 26476.4 27459.06 28442.93 29427.88 30413.81 31400.64 32388.27 33376.64 34365.68 35355.34 36345.56 37336.31 38327.54 39319.21 40311.29 41303.75 42296.57 43289.72 44283.18 45276.93 46270.94 47265.21 48259.71 49254.44 50249.38 51244.51 52239.83 53235.33 54230.99 55226.81 56222.77 57218.88 58215.12 59211.49 60207.97 61204.57 62201.29 63198.1 64195.02 65192.02 66189.12 67186.31 68183.58 69180.92 70178.34 71175.84 72173.4 73171.03 74168.73 75166.48 76164.3 77162.17
6324.56 7211.1 8062.26 8944.27 9848.86 10770.33 11661.9 12529.96 13416.41 14317.82 15231.55 16155.49 17088.01 18027.76 18973.67 19924.86 20880.61 21840.33 22803.51 23769.73 24738.63 25709.92 26683.33 27658.63 28635.64 29614.19 30594.12 31575.31 32557.64 33541.02 34525.35 35510.56 36496.58 37483.33 38470.77 39458.84 40447.5 41436.7 42426.41 43416.59 44407.21 45398.24 46389.65 47381.43 48373.55 49365.98 50358.71 51351.73 52345.01 53338.54 54332.31 55326.3 56320.51 57314.92 58309.52 59304.3 60299.25 61294.37 62289.65 63285.07 64280.63 65276.34 66272.17 67268.12 68264.19 69260.38 70256.67 71253.07 72249.57 73246.16 74242.84 75239.62 76236.47 77233.41
6708.2 7615.77 8544 9433.98 10295.63 11180.34 12083.05 13000 13892.44 14764.82 15652.48 16552.95 17464.25 18384.78 19313.21 20248.46 21189.62 22135.94 23086.79 24041.63 25000 25961.51 26925.82 27892.65 28861.74 29832.87 30805.84 31780.5 32756.68 33734.26 34713.11 35693.14 36674.24 37656.34 38639.36 39623.23 40607.88 41593.27 42579.34 43566.04 44553.34 45541.19 46529.56 47518.42 48507.73 49497.47 50487.62 51478.15 52469.04 53460.27 54451.81 55443.67 56435.8 57428.22 58420.89 59413.8 60406.95 61400.33 62393.91 63387.7 64381.67 65375.84 66370.17 67364.68 68359.34 69354.16 70349.13 71344.24 72339.48 73334.85 74330.34 75325.96 76321.69 77317.53
7211.1 8062.26 8944.27 9848.86 10770.33 11661.9 12529.96 13416.41 14317.82 15231.55 16124.52 17000 17888.54 18788.29 19697.72 20615.53 21540.66 22472.21 23409.4 24351.59 25298.22 26248.81 27202.94 28160.26 29120.44 30083.22 31048.35 32015.62 32984.85 33955.85 34928.5 35902.65 36878.18 37854.99 38832.98 39812.06 40792.16 41773.2 42755.12 43737.86 44721.36 45705.58 46690.47 47675.99 48662.1 49648.77 50635.96 51623.64 52611.79 53600.37 54589.38 55578.77 56568.54 57558.67 58549.12 59539.9 60530.98 61522.35 62514 63505.91 64498.06 65490.46 66483.08 67475.92 68468.97 69462.22 70455.66 71449.28 72443.08 73437.05 74431.18 75425.46 76419.89 77414.47
7615.77 8544 9433.98 10295.63 11180.34 12083.05 13000 13892.44 14764.82 15652.48 16552.95 17464.25 18357.56 19235.38 20124.61 21023.8 21931.71 22847.32 23769.73 24698.18 25632.01 26570.66 27513.63 28460.5 29410.88 30364.45 31320.92 32280.02 33241.54 34205.26 35171.01 36138.62 37107.95 38078.87 39051.25 40024.99 41000 41976.18 42953.46 43931.77 44911.02 45891.18 46872.17 47853.94 48836.46 49819.67 50803.54 51788.03 52773.1 53758.72 54744.86 55731.5 56718.6 57706.15 58694.12 59682.49 60671.25 61660.36 62649.82 63639.61 64629.71 65620.12 66610.81 67601.78 68593 69584.48 70576.2 71568.15 72560.32 73552.7 74545.29 75538.07 76531.04 77524.19
8062.26 8944.27 9848.86 10770.33 11661.9 12529.96 13416.41 14317.82 15231.55 16124.52 17000 17888.54 18788.29 19697.72 20591.26 21470.91 22360.68 23259.41 24166.09 25079.87 26000 26925.82 27856.78 28792.36 29732.14 30675.72 31622.78 32572.99 33526.11 34481.88 35440.09 36400.55 37363.08 38327.54 39293.77 40261.64 41231.06 42201.9 43174.07 44147.48 45122.06 46097.72 47074.41 48052.06 49030.6 50010 50990.2 51971.15 52952.81 53935.15 54918.12 55901.7 56885.85 57870.55 58855.76 59841.46 60827.63 61814.24 62801.27 63788.71 64776.54 65764.73 66753.28 67742.16 68731.36 69720.87 70710.68 71700.77 72691.13 73681.75 74672.62 75663.73 76655.07 77646.64
8602.33 9433.98 10295.63 11180.34 12083.05 13000 13892.44 14764.82 15652.48 16552.95 17464.25 18357.56 19235.38 20124.61 21023.8 21931.71 22825.42 23706.54 24596.75 25495.1 26400.76 27313 28231.19 29154.76 30083.22 31016.12 31953.09 32893.77 33837.85 34785.05 35735.14 36687.87 37643.06 38600.52 39560.08 40521.6 41484.94 42449.97 43416.59 44384.68 45354.16 46324.94 47296.93 48270.07 49244.29 50219.52 51195.7 52172.79 53150.73 54129.47 55108.98 56089.21 57070.13 58051.7 59033.89 60016.66 61000 61983.87 62968.25 63953.11 64938.43 65924.2 66910.39 67896.98 68883.96 69871.31 70859.01 71847.06 72835.43 73824.12 74813.1 75802.37 76791.93 77781.75
9219.54 10000 10816.65 11661.9 12529.96 13416.41 14317.82 15231.55 16124.52 17000 17888.54 18788.29 19697.72 20591.26 21470.91 22360.68 23259.41 24166.09 25059.93 25942.24 26832.82 27730.85 28635.64 29546.57 30463.09 31384.71 32310.99 33241.54 34176.01 35114.1 36055.51 37000 37947.33 38897.3 39849.72 40804.41 41761.23 42720.02 43680.66 44643.03 45607.02 46572.52 47539.46 48507.73 49477.27 50447.99 51419.84 52392.75 53366.66 54341.51 55317.27 56293.87 57271.28 58249.46 59228.37 60207.97 61188.23 62169.12 63150.61 64132.67 65115.28 66098.41 67082.04 68066.14 69050.71 70035.71 71021.12 72006.94 72993.15 73979.73 74966.66 75953.93 76941.54 77929.46
9848.86 10630.15 11401.75 12206.56 13038.4 13892.44 14764.82 15652.48 16552.95 17464.25 18357.56 19235.38 20124.61 21023.8 21931.71 22825.42 23706.54 24596.75 25495.1 26400.76 27294.69 28178.01 29068.88 29966.65 30870.7 31780.5 32695.57 33615.47 34539.83 35468.3 36400.55 37336.31 38275.32 39217.34 40162.17 41109.61 42059.48 43011.63 43965.9 44922.15 45880.28 46840.15 47801.67 48764.74 49729.27 50695.17 51662.37 52630.79 53600.37 54571.05 55542.78 56515.48 57489.13 58463.66 59439.04 60415.23 61392.18 62369.86 63348.24 64327.29 65306.97 66287.25 67268.12 68249.54 69231.5 70213.96 71196.91 72180.33 73164.2 74148.5 75133.22 76118.33 77103.83 78089.69
10295.63 11180.34 12041.59 12806.25 13601.47 14422.21 15264.34 16124.52 17000 17888.54 18788.29 19697.72 20591.26 21470.91 22360.68 23259.41 24166.09 25059.93 25942.24 26832.82 27730.85 28635.64 29529.65 30413.81 31304.95 32202.48 33105.89 34014.7 34928.5 35846.9 36769.55 37696.15 38626.42 39560.08 40496.91 41436.7 42379.24 43324.36 44271.89 45221.68 46173.59 47127.49 48083.26 49040.8 50000 50960.77 51923.02 52886.67 53851.65 54817.88 55785.3 56753.85 57723.48 58694.12 59665.74 60638.27 61611.69 62585.94 63560.99 64536.81 65513.36 66490.6 67468.51 68447.06 69426.22 70405.97 71386.27 72367.12 73348.48 74330.34 75312.68 76295.48 77278.72 78262.38
10816.65 11661.9 12529.96 13416.41 14212.67 15000 15811.39 16643.32 17492.86 18357.56 19235.38 20124.61 21023.8 21931.71 22825.42 23706.54 24596.75 25495.1 26400.76 27294.69 28178.01 29068.88 29966.65 30870.7 31764.76 32649.66 33541.02 34438.35 35341.19 36249.14 37161.81 38078.87 39000 39924.93 40853.4 41785.16 42720.02 43657.76 44598.21 45541.19 46486.56 47434.16 48383.88 49335.59 50289.16 51244.51 52201.53 53160.14 54120.24 55081.76 56044.63 57008.77 57974.13 58940.65 59908.26 60876.93 61846.58 62817.2 63788.71 64761.1 65734.31 66708.32 67683.09 68658.58 69634.76 70611.61 71589.11 72567.21 73545.9 74525.16 75504.97 76485.29 77466.12 78447.43
11401.75 12206.56 13038.4 13892.44 14764.82 15620.5 16401.22 17204.65 18027.76 18867.96 19723.08 20591.26 21470.91 22360.68 23259.41 24166.09 25059.93 25942.24 26832.82 27730.85 28635.64 29529.65 30413.81 31304.95 32202.48 33105.89 34000 34885.53 35777.09 36674.24 37576.59 38483.76 39395.43 40311.29 41231.06 42154.48 43081.32 44011.36 44944.41 45880.28 46818.8 47759.82 48703.18 49648.77 50596.44 51546.1 52497.62 53450.91 54405.88 55362.44 56320.51 57280.01 58240.88 59203.04 60166.44 61131.01 62096.7 63063.46 64031.24 65000 65969.69 66940.27 67911.71 68883.96 69857 70830.78 71805.29 72780.49 73756.36 74732.86 75709.97 76687.68 77665.95 78644.77
12041.59 12806.25 13601.47 14422.21 15264.34 16124.52 17000 17804.49 18601.08 19416.49 20248.46 21095.02 21954.5 22825.42 23706.54 24596.75 25495.1 26400.76 27294.69 28178.01 29068.88 29966.65 30870.7 31764.76 32649.66 33541.02 34438.35 35341.19 36235.34 37121.42 38013.16 38910.15 39812.06 40718.55 41629.32 42544.09 43462.63 44384.68 45310.04 46238.51 47169.91 48104.05 49040.8 49980 50921.51 51865.21 52810.98 53758.72 54708.32 55659.68 56612.72 57567.35 58523.5 59481.09 60440.05 61400.33 62361.85 63324.56 64288.41 65253.35 66219.33 67186.31 68154.24 69123.08 70092.8 71063.35 72034.71 73006.85 73979.73 74953.32 75927.6 76902.54 77878.11 78854.3
12727.92 13453.62 14212.67 15000 15811.39 16643.32 17492.86 18357.56 19209.37 20000 20808.65 21633.31 22472.21 23323.81 24186.77 25059.93 25942.24 26832.82 27730.85 28635.64 29529.65 30413.81 31304.95 32202.48 33105.89 34000 34885.53 35777.09 36674.24 37576.59 38470.77 39357.34 40249.22 41146.08 42047.59 42953.46 43863.42 44777.23 45694.64 46615.45 47539.46 48466.48 49396.36 50328.92 51264.02 52201.53 53141.32 54083.27 55027.27 55973.21 56921 57870.55 58821.76 59774.58 60728.91 61684.68 62641.84 63600.31 64560.05 65520.99 66483.08 67446.27 68410.53 69375.79 70342.02 71309.19 72277.24 73246.16 74215.9 75186.43 76157.73 77129.76 78102.5 79075.91
13453.62 14142.14 14866.07 15620.5 16401.22 17204.65 18027.76 18867.96 19723.08 20591.26 21400.93 22203.6 23021.73 23853.72 24698.18 25553.86 26419.69 27294.69 28178.01 29068.88 29966.65 30870.7 31764.76 32649.66 33541.02 34438.35 35341.19 36235.34 37121.42 38013.16 38910.15 39812.06 40706.26 41593.27 42485.29 43382.02 44283.18 45188.49 46097.72 47010.64 47927.03 48846.7 49769.47 50695.17 51623.64 52554.73 53488.32 54424.26 55362.44 56302.75 57245.09 58189.35 59135.44 60083.28 61032.78 61983.87 62936.48 63890.53 64845.97 65802.74 66760.77 67720.01 68680.42 69641.94 70604.53 71568.15 72532.75 73498.3 74464.76 75432.09 76400.26 77369.24 78339.01 79309.52
14142.14 14866.07 15556.35 16278.82 17029.39 17804.49 18601.08 19416.49 20248.46 21095.02 21954.5 22803.51 23600.85 24413.11 25238.86 26076.81 26925.82 27784.89 28653.1 29529.65 30413.81 31304.95 32202.48 33105.89 34000 34885.53 35777.09 36674.24 37576.59 38470.77 39357.34 40249.22 41146.08 42047.59 42941.82 43829.21 44721.36 45617.98 46518.81 47423.62 48332.18 49244.29 50159.74 51078.37 52000 52924.47 53851.65 54781.38 55713.55 56648.04 57584.72 58523.5 59464.27 60406.95 61351.45 62297.67 63245.55 64195.02 65145.99 66098.41 67052.22 68007.35 68963.76 69921.38 70880.18 71840.1 72801.1 73763.13 74726.17 75690.16 76655.07 77620.87 78587.53 79555.01
14866.07 15556.35 16278.82 16970.56 17691.81 18439.09 19209.37 20000 20808.65 21633.31 22472.21 23323.81 24186.77 25000 25806.98 26627.05 27459.06 28301.94 29154.76 30016.66 30886.89 31764.76 32649.66 33541.02 34438.35 35341.19 36235.34 37121.42 38013.16 38910.15 39812.06 40706.26 41593.27 42485.29 43382.02 44283.18 45177.43 46065.17 46957.43 47853.94 48754.49 49658.84 50566.79 51478.15 52392.75 53310.41 54230.99 55154.33 56080.3 57008.77 57939.62 58872.74 59808.03 60745.37 61684.68 62625.87 63568.86 64513.56 65459.91 66407.83 67357.26 68308.13 69260.38 70213.96 71168.81 72124.89 73082.15 74040.53 75000 75960.52 76922.04 77884.53 78847.95 79812.28
15556.35 16278.82 16970.56 17691.81 18384.78 19104.97 19849.43 20615.53 21400.93 22203.6 23021.73 23853.72 24698.18 25553.86 26400.76 27202.94 28017.85 28844.41 29681.64 30528.68 31384.71 32249.03 33120.99 34000 34885.53 35777.09 36674.24 37576.59 38470.77 39357.34 40249.22 41146.08 42047.59 42941.82 43829.21 44721.36 45617.98 46518.81 47413.08 48301.14 49193.5 50089.92 50990.2 51894.12 52801.52 53712.2 54626 55542.78 56462.38 57384.67 58309.52 59236.81 60166.44 61098.28 62032.25 62968.25 63906.18 64845.97 65787.54 66730.8 67675.7 68622.15 69570.11 70519.5 71470.27 72422.37 73375.75 74330.34 75286.12 76243.03 77201.04 78160.09 79120.16 80081.21
16278.82 16970.56 17691.81 18384.78 19104.97 19798.99 20518.28 21260.29 22022.72 22803.51 23600.85 24413.11 25238.86 26076.81 26925.82 27784.89 28600.7 29410.88 30232.43 31064.45 31906.11 32756.68 33615.47 34481.88 35355.34 36235.34 37121.42 38013.16 38910.15 39812.06 40706.26 41593.27 42485.29 43382.02 44283.18 45177.43 46065.17 46957.43 47853.94 48754.49 49648.77 50537.12 51429.56 52325.9 53225.93 54129.47 55036.35 55946.4 56859.48 57775.43 58694.12 59615.43 60539.24 61465.44 62393.91 63324.56 64257.3 65192.02 66128.66 67067.13 68007.35 68949.26 69892.78 70837.84 71784.4 72732.39 73681.75 74632.43 75584.39 76537.57 77491.94 78447.43 79404.03 80361.68
16970.56 17691.81 18384.78 19104.97 19798.99 20518.28 21213.2 21931.71 22671.57 23430.75 24207.44 25000 25806.98 26627.05 27459.06 28301.94 29154.76 30000 30805.84 31622.78 32449.96 33286.63 34132.1 34985.71 35846.9 36715.12 37589.89 38470.77 39357.34 40249.22 41146.08 42047.59 42941.82 43829.21 44721.36 45617.98 46518.81 47413.08 48301.14 49193.5 50089.92 50990.2 51884.49 52773.1 53665.63 54561.89 55461.7 56364.88 57271.28 58180.75 59093.15 60008.33 60926.18 61846.58 62769.42 63694.58 64621.98 65551.51 66483.08 67416.62 68352.03 69289.25 70228.2 71168.81 72111.03 73054.77 74000 74946.65 75894.66 76844 77794.6 78746.43 79699.44 80653.58
17691.81 18384.78 19104.97 19798.99 20518.28 21213.2 21931.71 22627.42 23345.24 24083.19 24839.48 25612.5 26400.76 27202.94 28017.85 28844.41 29681.64 30528.68 31384.71 32202.48 33015.15 33837.85 34669.87 35510.56 36359.32 37215.59 38078.87 38948.68 39824.62 40706.26 41593.27 42485.29 43382.02 44283.18 45177.43 46065.17 46957.43 47853.94 48754.49 49648.77 50537.12 51429.56 52325.9 53225.93 54120.24 55009.09 55901.7 56797.89 57697.49 58600.34 59506.3 60415.23 61326.99 62241.47 63158.53 64078.08 65000 65924.2 66850.58 67779.05 68709.53 69641.94 70576.2 71512.24 72449.98 73389.37 74330.34 75272.84 76216.8 77162.17 78108.9 79056.94 80006.25 80956.78
18384.78 19104.97 19798.99 20518.28 21213.2 21931.71 22627.42 23345.24 24041.63 24758.84 25495.1 26248.81 27018.51 27802.88 28600.7 29410.88 30232.43 31064.45 31906.11 32756.68 33600.6 34409.3 35227.83 36055.51 36891.73 37735.92 38587.56 39446.17 40311.29 41182.52 42059.48 42941.82 43829.21 44721.36 45617.98 46518.81 47413.08 48301.14 49193.5 50089.92 50990.2 51884.49 52773.1 53665.63 54561.89 55461.7 56356.01 57245.09 58137.77 59033.89 59933.3 60835.84 61741.4 62649.82 63560.99 64474.8 65391.13 66309.88 67230.95 68154.24 69079.66 70007.14 70936.59 71867.93 72801.1 73736.02 74672.62 75610.85 76550.64 77491.94 78434.69 79378.84 80324.34 81271.15
18788.29 19697.72 20518.28 21213.2 21931.71 22627.42 23345.24 24041.63 24758.84 25455.84 26172.5 26907.25 27658.63 28425.34 29206.16 30000 30805.84 31622.78 32449.96 33286.63 34132.1 34985.71 35805.03 36619.67 37443.29 38275.32 39115.21 39962.48 40816.66 41677.33 42544.09 43416.59 44294.47 45177.43 46065.17 46957.43 47853.94 48754.49 49648.77 50537.12 51429.56 52325.9 53225.93 54120.24 55009.09 55901.7 56797.89 57697.49 58591.81 59481.09 60373.84 61269.89 62169.12 63071.39 63976.56 64884.51 65795.14 66708.32 67623.96 68541.96 69462.22 70384.66 71309.19 72235.73 73164.2 74094.53 75026.66 75960.52 76896.03 77833.15 78771.82 79711.98 80653.58 81596.57
19235.38 20124.61 21023.8 21931.71 22627.42 23345.24 24041.63 24758.84 25455.84 26172.5 26870.06 27586.23 28319.6 29068.88 29832.87 30610.46 31400.64 32202.48 33015.15 33837.85 34669.87 35510.56 36359.32 37202.15 38013.16 38832.98 39661.06 40496.91 41340.05 42190.05 43046.49 43909 44777.23 45650.85 46529.56 47413.08 48301.14 49193.5 50089.92 50990.2 51884.49 52773.1 53665.63 54561.89 55461.7 56356.01 57245.09 58137.77 59033.89 59933.3 60827.63 61717.1 62609.9 63505.91 64404.97 65306.97 66211.78 67119.3 68029.41 68942 69857 70774.29 71693.79 72615.43 73539.11 74464.76 75392.31 76321.69 77252.83 78185.68 79120.16 80056.23 80993.83 81932.9
19646.88 20591.26 21470.91 22360.68 23259.41 24041.63 24758.84 25455.84 26172.5 26870.06 27586.23 28284.27 29000 29732.14 30479.5 31241 32015.62 32802.44 33600.6 34409.3 35227.83 36055.51 36891.73 37735.92 38587.56 39408.12 40224.37 41048.75 41880.78 42720.02 43566.04 44418.46 45276.93 46141.09 47010.64 47885.28 48764.74 49648.77 50537.12 51429.56 52325.9 53225.93 54120.24 55009.09 55901.7 56797.89 57697.49 58591.81 59481.09 60373.84 61269.89 62169.12 63063.46 63953.11 64845.97 65741.92 66640.83 67542.58 68447.06 69354.16 70263.79 71175.84 72090.22 73006.85 73925.64 74846.51 75769.39 76694.2 77620.87 78549.35 79479.56 80411.44 81344.94 82280.01
19924.86 20880.61 21840.33 22803.51 23706.54 24596.75 25455.84 26172.5 26870.06 27586.23 28284.27 29000 29698.48 30413.81 31144.82 31890.44 32649.66 33421.55 34205.26 35000 35805.03 36619.67 37443.29 38275.32 39115.21 39962.48 40804.41 41617.3 42438.19 43266.62 44102.15 44944.41 45793.01 46647.62 47507.89 48373.55 49244.29 50119.86 51000 51884.49 52773.1 53665.63 54561.89 55461.7 56356.01 57245.09 58137.77 59033.89 59933.3 60827.63 61717.1 62609.9 63505.91 64404.97 65299.31 66189.12 67082.04 67977.94 68876.7 69778.22 70682.39 71589.11 72498.28 73409.81 74323.62 75239.62 76157.73 77077.88 78000 78924.01 79849.86 80777.47 81706.79 82637.76
20248.46 21189.62 22135.94 23086.79 24041.63 25000 25942.24 26832.82 27586.23 28284.27 29000 29698.48 30413.81 31112.7 31827.66 32557.64 33301.65 34058.77 34828.15 35608.99 36400.55 37202.15 38013.16 38832.98 39661.06 40496.91 41340.05 42190.05 43011.63 43829.21 44654.23 45486.26 46324.94 47169.91 48020.83 48877.4 49739.32 50606.32 51478.15 52354.56 53235.33 54120.24 55009.09 55901.7 56797.89 57697.49 58591.81 59481.09 60373.84 61269.89 62169.12 63063.46 63953.11 64845.97 65741.92 66640.83 67535.18 68425.14 69318.11 70213.96 71112.59 72013.89 72917.76 73824.12 74732.86 75643.9 76557.17 77472.58 78390.05 79309.52 80230.92 81154.17 82079.23 83006.02
