AgentSeal_with_GreySeals/Input/land_distance_EastCoast_noBay_large.asc
NCOLS 284 
NROWS 185 
XLLCORNER 428292.82952926 
YLLCORNER 6186935 
CELLSIZE 1000 
NODATA_value -9999 
[rows 99 to 131 of 185, columns 74 to 147 of 284]
0 0 0 0 0 0 0 0 0 0 0 0 0 0 0 0 0 0 0 0 0 0 0 0 0 0 0 1000 1414.21 2236.07 3162.28 4123.11 5000 5830.95 6708.2 7615.77 8544 9486.83 10440.31 11401.75 12369.32 13341.66 14317.82 15297.06 16278.82 17262.68 18248.29 19235.38 20223.75 21213.2 22203.6 23194.83 24166.09 25059.93 25942.24 26832.82 27730.85 28635.64 29546.57 30463.09 31384.71 32310.99 33241.54 33970.58 34713.11 35468.3 36235.34 37013.51 37802.12 38600.52 39408.12 40224.37 41048.75 41868.84
0 0 0 0 0 0 0 0 0 0 0 0 0 0 0 0 0 0 0 0 0 0 0 0 0 0 0 1000 2000 2828.43 3605.55 4472.14 5385.16 6324.56 7211.1 8062.26 8944.27 9848.86 10770.33 11704.7 12649.11 13601.47 14560.22 15524.17 16492.42 17464.25 18439.09 19416.49 20396.08 21377.56 22360.68 23345.24 24331.05 25317.98 26305.89 27294.69 28178.01 29068.88 29966.65 30870.7 31780.5 32695.57 33615.47 34539.83 35383.61 36124.78 36878.18 37643.06 38418.75 39204.59 40000 40804.41 41617.3 42438.19
0 0 0 0 0 0 0 0 0 0 0 0 0 0 0 0 0 0 0 0 0 0 0 0 0 1000 1000 1414.21 2236.07 3162.28 4123.11 5000 5830.95 6708.2 7615.77 8544 9433.98 10295.63 11180.34 12083.05 13000 13928.39 14866.07 15811.39 16763.05 17720.05 18681.54 19646.88 20615.53 21587.03 22561.03 23537.2 24515.3 25495.1 26476.4 27459.06 28442.93 29427.88 30413.81 31304.95 32202.48 33105.89 34014.7 34928.5 35846.9 36769.55 37536.65 38288.38 39051.25 39824.62 40607.88 41400.48 42201.9 43011.63
0 0 0 0 0 0 0 0 0 0 0 0 0 0 0 0 0 0 0 0 0 0 0 0 0 1000 2000 2236.07 2828.43 3605.55 4472.14 5385.16 6324.56 7211.1 8062.26 8944.27 9848.86 10770.33 11661.9 12529.96 13416.41 14317.82 15231.55 16155.49 17088.01 18027.76 18973.67 19924.86 20880.61 21840.33 22803.51 23769.73 24738.63 25709.92 26683.33 27658.63 28635.64 29614.19 30594.12 31575.31 32557.64 33541.02 34438.35 35341.19 36249.14 37161.81 38078.87 38948.68 39698.87 40459.86 41231.06 42011.9 42801.87 43600.46
0 0 0 0 0 0 0 0 0 0 0 0 0 0 0 0 0 0 0 0 0 0 0 1000 1000 1414.21 2236.07 3162.28 3605.55 4242.64 5000 5830.95 6708.2 7615.77 8544 9433.98 10295.63 11180.34 12083.05 13000 13892.44 14764.82 15652.48 16552.95 17464.25 18384.78 19313.21 20248.46 21189.62 22135.94 23086.79 24041.63 25000 25961.51 26925.82 27892.65 28861.74 29832.87 30805.84 31780.5 32756.68 33734.26 34713.11 35693.14 36674.24 37576.59 38483.76 39395.43 40311.29 41109.61 41868.84 42638.01 43416.59 44204.07
0 0 0 0 0 0 0 0 0 0 0 0 0 0 0 0 0 0 0 0 0 1000 1000 1414.21 2000 2236.07 2828.43 3605.55 4472.14 5000 5656.85 6403.12 7211.1 8062.26 8944.27 9848.86 10770.33 11661.9 12529.96 13416.41 14317.82 15231.55 16124.52 17000 17888.54 18788.29 19697.72 20615.53 21540.66 22472.21 23409.4 24351.59 25298.22 26248.81 27202.94 28160.26 29120.44 30083.22 31048.35 32015.62 32984.85 33955.85 34928.5 35902.65 36878.18 37854.99 38832.98 39812.06 40718.55 41629.32 42520.58 43278.17 44045.43 44821.87
0 0 0 0 0 0 0 0 0 0 0 0 0 0 0 0 0 0 0 0 1000 1414.21 2000 2236.07 2828.43 3162.28 3605.55 4242.64 5000 5830.95 6403.12 7071.07 7810.25 8602.33 9433.98 10295.63 11180.34 12083.05 13000 13892.44 14764.82 15652.48 16552.95 17464.25 18357.56 19235.38 20124.61 21023.8 21931.71 22847.32 23769.73 24698.18 25632.01 26570.66 27513.63 28460.5 29410.88 30364.45 31320.92 32280.02 33241.54 34205.26 35171.01 36138.62 37107.95 38078.87 39051.25 40024.99 41000 41976.18 42953.46 43863.42 44687.81 45453.27
0 0 0 0 0 0 0 0 0 0 0 0 0 0 0 0 0 0 0 0 1000 2000 2828.43 3162.28 3605.55 4123.11 4472.14 5000 5656.85 6403.12 7211.1 7810.25 8485.28 9219.54 10000 10816.65 11661.9 12529.96 13416.41 14317.82 15231.55 16124.52 17000 17888.54 18788.29 19697.72 20591.26 21470.91 22360.68 23259.41 24166.09 25079.87 26000 26925.82 27856.78 28792.36 29732.14 30675.72 31622.78 32572.99 33526.11 34481.88 35440.09 36400.55 37363.08 38327.54 39293.77 40261.64 41231.06 42201.9 43174.07 44147.48 45122.06 46097.72
0 0 0 0 0 0 0 0 0 0 0 0 0 0 0 0 0 0 1000 1000 1414.21 2236.07 3162.28 4123.11 4472.14 5000 5385.16 5830.95 6403.12 7071.07 7810.25 8602.33 9219.54 9899.49 10630.15 11401.75 12206.56 13038.4 13892.44 14764.82 15652.48 16552.95 17464.25 18357.56 19235.38 20124.61 21023.8 21931.71 22825.42 23706.54 24596.75 25495.1 26400.76 27313 28231.19 29154.76 30083.22 31016.12 31953.09 32893.77 33837.85 34785.05 35735.14 36687.87 37643.06 38600.52 39560.08 40521.6 41484.94 42449.97 43416.59 44384.68 45354.16 46324.94
0 0 0 0 0 0 0 0 0 0 0 0 0 0 0 0 0 1000 1414.21 2000 2236.07 2828.43 3605.55 4472.14 5385.16 5830.95 6324.56 6708.2 7211.1 7810.25 8485.28 9219.54 10000 10630.15 11313.71 12041.59 12806.25 13601.47 14422.21 15264.34 16124.52 17000 17888.54 18788.29 19697.72 20591.26 21470.91 22360.68 23259.41 24166.09 25059.93 25942.24 26832.82 27730.85 28635.64 29546.57 30463.09 31384.71 32310.99 33241.54 34176.01 35114.1 36055.51 37000 37947.33 38897.3 39849.72 40804.41 41761.23 42720.02 43680.66 44643.03 45607.02 46572.52
0 0 0 0 0 0 0 0 0 0 0 0 0 0 0 0 1000 1414.21 2236.07 2828.43 3162.28 3605.55 4242.64 5000 5830.95 6708.2 7211.1 7615.77 8062.26 8602.33 9219.54 9899.49 10630.15 11401.75 12041.59 12727.92 13453.62 14212.67 15000 15811.39 16643.32 17492.86 18357.56 19235.38 20124.61 21023.8 21931.71 22825.42 23706.54 24596.75 25495.1 26400.76 27294.69 28178.01 29068.88 29966.65 30870.7 31780.5 32695.57 33615.47 34539.83 35468.3 36400.55 37336.31 38275.32 39217.34 40162.17 41109.61 42059.48 43011.63 43965.9 44922.15 45880.28 46840.15
0 0 0 0 0 0 0 0 0 0 0 0 0 0 0 1000 1414.21 2236.07 2828.43 3605.55 4123.11 4472.14 5000 5656.85 6403.12 7211.1 8062.26 8544 8944.27 9433.98 10000 10630.15 11313.71 12041.59 12806.25 13453.62 14142.14 14866.07 15620.5 16401.22 17204.65 18027.76 18867.96 19723.08 20591.26 21470.91 22360.68 23259.41 24166.09 25059.93 25942.24 26832.82 27730.85 28635.64 29529.65 30413.81 31304.95 32202.48 33105.89 34014.7 34928.5 35846.9 36769.55 37696.15 38626.42 39560.08 40496.91 41436.7 42379.24 43324.36 44271.89 45221.68 46173.59 47127.49
0 0 0 0 0 0 0 0 0 0 0 0 0 0 0 1000 2000 2828.43 3605.55 4242.64 5000 5385.16 5830.95 6403.12 7071.07 7810.25 8602.33 9433.98 9848.86 10295.63 10816.65 11401.75 12041.59 12727.92 13453.62 14212.67 14866.07 15556.35 16278.82 17029.39 17804.49 18601.08 19416.49 20248.46 21095.02 21954.5 22825.42 23706.54 24596.75 25495.1 26400.76 27294.69 28178.01 29068.88 29966.65 30870.7 31764.76 32649.66 33541.02 34438.35 35341.19 36249.14 37161.81 38078.87 39000 39924.93 40853.4 41785.16 42720.02 43657.76 44598.21 45541.19 46486.56 47434.16
0 0 0 0 0 0 0 0 1000 1000 1000 0 0 0 1000 1414.21 2236.07 3162.28 4123.11 5000 5656.85 6324.56 6708.2 7211.1 7810.25 8485.28 9219.54 10000 10770.33 11180.34 11661.9 12206.56 12806.25 13453.62 14142.14 14866.07 15620.5 16278.82 16970.56 17691.81 18439.09 19209.37 20000 20808.65 21633.31 22472.21 23323.81 24186.77 25059.93 25942.24 26832.82 27730.85 28635.64 29529.65 30413.81 31304.95 32202.48 33105.89 34000 34885.53 35777.09 36674.24 37576.59 38483.76 39395.43 40311.29 41231.06 42154.48 43081.32 44011.36 44944.41 45880.28 46818.8 47759.82
0 0 0 1000 0 0 1000 1000 1414.21 2000 1414.21 1000 0 0 1000 2000 2828.43 3605.55 4472.14 5385.16 6324.56 7071.07 7615.77 8062.26 8602.33 9219.54 9899.49 10630.15 11401.75 12083.05 12529.96 13038.4 13601.47 14212.67 14866.07 15556.35 16278.82 17029.39 17691.81 18384.78 19104.97 19849.43 20615.53 21400.93 22203.6 23021.73 23853.72 24698.18 25553.86 26419.69 27294.69 28178.01 29068.88 29966.65 30870.7 31764.76 32649.66 33541.02 34438.35 35341.19 36235.34 37121.42 38013.16 38910.15 39812.06 40718.55 41629.32 42544.09 43462.63 44384.68 45310.04 46238.51 47169.91 48104.05
1000 1000 1000 1000 1000 1000 1414.21 2000 2000 2236.07 2236.07 1414.21 1000 1000 1414.21 2236.07 3162.28 4123.11 5000 5830.95 6708.2 7615.77 8485.28 8944.27 9433.98 10000 10630.15 11313.71 12041.59 12806.25 13416.41 13892.44 14422.21 15000 15620.5 16278.82 16970.56 17691.81 18439.09 19104.97 19798.99 20518.28 21260.29 22022.72 22803.51 23600.85 24413.11 25238.86 26076.81 26925.82 27784.89 28653.1 29529.65 30413.81 31304.95 32202.48 33105.89 34000 34885.53 35777.09 36674.24 37576.59 38470.77 39357.34 40249.22 41146.08 42047.59 42953.46 43863.42 44777.23 45694.64 46615.45 47539.46 48466.48
1414.21 1000 0 0 0 1000 1414.21 1000 1000 1414.21 2236.07 2236.07 2000 2000 2236.07 2828.43 3605.55 4472.14 5385.16 6324.56 7211.1 8062.26 8944.27 9848.86 10295.63 10816.65 11401.75 12041.59 12727.92 13453.62 14212.67 14764.82 15264.34 15811.39 16401.22 17029.39 17691.81 18384.78 19104.97 19849.43 20518.28 21213.2 21931.71 22671.57 23430.75 24207.44 25000 25806.98 26627.05 27459.06 28301.94 29154.76 30016.66 30886.89 31764.76 32649.66 33541.02 34438.35 35341.19 36235.34 37121.42 38013.16 38910.15 39812.06 40706.26 41593.27 42485.29 43382.02 44283.18 45188.49 46097.72 47010.64 47927.03 48846.7
1000 0 0 0 0 0 1000 0 0 1000 2000 3000 3000 3000 3162.28 3605.55 4242.64 5000 5830.95 6708.2 7615.77 8544 9433.98 10295.63 11180.34 11661.9 12206.56 12806.25 13453.62 14142.14 14866.07 15620.5 16124.52 16643.32 17204.65 17804.49 18439.09 19104.97 19798.99 20518.28 21260.29 21931.71 22627.42 23345.24 24083.19 24839.48 25612.5 26400.76 27202.94 28017.85 28844.41 29681.64 30528.68 31384.71 32249.03 33120.99 34000 34885.53 35777.09 36674.24 37576.59 38470.77 39357.34 40249.22 41146.08 42047.59 42941.82 43829.21 44721.36 45617.98 46518.81 47423.62 48332.18 49244.29
0 0 0 0 0 0 0 0 0 1000 2000 3000 4000 4000 4123.11 4472.14 5000 5656.85 6403.12 7211.1 8062.26 8944.27 9848.86 10770.33 11661.9 12529.96 13038.4 13601.47 14212.67 14866.07 15556.35 16278.82 17000 17492.86 18027.76 18601.08 19209.37 19849.43 20518.28 21213.2 21931.71 22671.57 23345.24 24041.63 24758.84 25495.1 26248.81 27018.51 27802.88 28600.7 29410.88 30232.43 31064.45 31906.11 32756.68 33615.47 34481.88 35355.34 36235.34 37121.42 38013.16 38910.15 39812.06 40706.26 41593.27 42485.29 43382.02 44283.18 45177.43 46065.17 46957.43 47853.94 48754.49 49658.84
0 0 0 0 0 0 0 0 0 1000 2000 3000 4000 5000 5099.02 5385.16 5830.95 6403.12 7071.07 7810.25 8602.33 9433.98 10295.63 11180.34 12083.05 13000 13892.44 14422.21 15000 15620.5 16278.82 16970.56 17691.81 18357.56 18867.96 19416.49 20000 20615.53 21260.29 21931.71 22627.42 23345.24 24083.19 24758.84 25455.84 26172.5 26907.25 27658.63 28425.34 29206.16 30000 30805.84 31622.78 32449.96 33286.63 34132.1 34985.71 35846.9 36715.12 37589.89 38470.77 39357.34 40249.22 41146.08 42047.59 42941.82 43829.21 44721.36 45617.98 46518.81 47413.08 48301.14 49193.5 50089.92
0 0 0 0 0 0 0 0 0 1000 2000 3000 4000 5000 6000 6324.56 6708.2 7211.1 7810.25 8485.28 9219.54 10000 10816.65 11661.9 12529.96 13416.41 14142.14 14866.07 15556.35 16278.82 16970.56 17492.86 18027.76 18601.08 19209.37 19849.43 20518.28 21213.2 21931.71 22671.57 23345.24 24041.63 24758.84 25495.1 26172.5 26870.06 27586.23 28319.6 29068.88 29832.87 30610.46 31400.64 32202.48 33015.15 33837.85 34669.87 35510.56 36359.32 37215.59 38078.87 38948.68 39824.62 40706.26 41593.27 42485.29 43382.02 44283.18 45177.43 46065.17 46957.43 47853.94 48754.49 49648.77 50537.12
0 0 0 0 0 0 0 0 0 1000 2000 3000 4000 5000 6000 7000 7615.77 8062.26 8602.33 9219.54 9848.86 10295.63 10816.65 11401.75 12041.59 12727.92 13453.62 14142.14 14866.07 15556.35 16124.52 16643.32 17204.65 17804.49 18439.09 19104.97 19798.99 20518.28 21260.29 22022.72 22803.51 23600.85 24413.11 25238.86 26076.81 26925.82 27784.89 28653.1 29529.65 30413.81 31241 32015.62 32802.44 33600.6 34409.3 35227.83 36055.51 36891.73 37735.92 38587.56 39446.17 40311.29 41182.52 42059.48 42941.82 43829.21 44721.36 45617.98 46518.81 47413.08 48301.14 49193.5 50089.92 50990.2
0 0 0 0 0 0 0 0 0 1000 2000 3000 4000 5000 6000 7000 8000 8062.26 8246.21 8544 8944.27 9433.98 10000 10630.15 11313.71 12041.59 12727.92 13453.62 14142.14 14764.82 15264.34 15811.39 16401.22 17029.39 17691.81 18384.78 19104.97 19849.43 20615.53 21400.93 22203.6 23021.73 23853.72 24698.18 25553.86 26419.69 27294.69 28178.01 29068.88 29966.65 30870.7 31780.5 32695.57 33615.47 34539.83 35468.3 36400.55 37336.31 38275.32 39115.21 39962.48 40816.66 41677.33 42544.09 43416.59 44294.47 45177.43 46065.17 46957.43 47853.94 48754.49 49648.77 50537.12 51429.56
0 0 0 0 0 0 0 0 1000 1414.21 2236.07 3162.28 4123.11 5099.02 6082.76 7000 7000 7071.07 7280.11 7615.77 8062.26 8602.33 9219.54 9899.49 10630.15 11313.71 12041.59 12727.92 13416.41 13892.44 14422.21 15000 15620.5 16278.82 16970.56 17691.81 18439.09 19209.37 20000 20808.65 21633.31 22472.21 23323.81 24186.77 25059.93 25942.24 26832.82 27730.85 28635.64 29546.57 30463.09 31384.71 32310.99 33241.54 34176.01 35114.1 36055.51 37000 37947.33 38897.3 39849.72 40804.41 41761.23 42720.02 43680.66 44643.03 45607.02 46529.56 47413.08 48301.14 49193.5 50089.92 50990.2 51884.49
0 0 0 0 0 0 0 0 1000 2000 2828.43 3605.55 4472.14 5385.16 5830.95 6000 6000 6082.76 6324.56 6708.2 7211.1 7810.25 8485.28 9219.54 9899.49 10630.15 11313.71 12041.59 12529.96 13038.4 13601.47 14212.67 14866.07 15556.35 16278.82 17029.39 17804.49 18601.08 19416.49 20248.46 21095.02 21954.5 22825.42 23706.54 24596.75 25495.1 26400.76 27313 28231.19 29154.76 30083.22 31016.12 31953.09 32893.77 33837.85 34785.05 35735.14 36687.87 37643.06 38600.52 39560.08 40521.6 41484.94 42449.97 43416.59 44384.68 45354.16 46324.94 47296.93 48270.07 49244.29 50219.52 51195.7 52172.79
0 0 0 0 0 0 1000 1000 1414.21 2236.07 2828.43 3605.55 4123.11 4472.14 5000 5000 5000 5099.02 5385.16 5830.95 6403.12 7071.07 7810.25 8485.28 9219.54 9899.49 10630.15 11180.34 11661.9 12206.56 12806.25 13453.62 14142.14 14866.07 15620.5 16401.22 17204.65 18027.76 18867.96 19723.08 20591.26 21470.91 22360.68 23259.41 24166.09 25079.87 26000 26925.82 27856.78 28792.36 29732.14 30675.72 31622.78 32572.99 33526.11 34481.88 35440.09 36400.55 37363.08 38327.54 39293.77 40261.64 41231.06 42201.9 43174.07 44147.48 45122.06 46097.72 47074.41 48052.06 49030.6 50010 50990.2 51971.15
0 0 0 0 0 0 1000 1000 1000 1414.21 2236.07 2828.43 3162.28 3605.55 4000 4000 4000 4123.11 4472.14 5000 5656.85 6403.12 7071.07 7810.25 8485.28 9219.54 9848.86 10295.63 10816.65 11401.75 12041.59 12727.92 13453.62 14212.67 15000 15811.39 16643.32 17492.86 18357.56 19235.38 20124.61 21023.8 21931.71 22847.32 23769.73 24698.18 25632.01 26570.66 27513.63 28460.5 29410.88 30364.45 31320.92 32280.02 33241.54 34205.26 35171.01 36138.62 37107.95 38078.87 39051.25 40024.99 41000 41976.18 42953.46 43931.77 44911.02 45891.18 46872.17 47853.94 48836.46 49819.67 50803.54 51788.03
0 0 0 0 0 0 0 0 0 1000 1414.21 2000 2236.07 2828.43 3000 3000 3000 3162.28 3605.55 4242.64 5000 5656.85 6403.12 7071.07 7810.25 8485.28 8944.27 9433.98 10000 10630.15 11313.71 12041.59 12806.25 13601.47 14422.21 15264.34 16124.52 17000 17888.54 18788.29 19697.72 20615.53 21540.66 22472.21 23409.4 24351.59 25298.22 26248.81 27202.94 28160.26 29120.44 30083.22 31048.35 32015.62 32984.85 33955.85 34928.5 35902.65 36878.18 37854.99 38832.98 39812.06 40792.16 41773.2 42755.12 43737.86 44721.36 45705.58 46690.47 47675.99 48662.1 49648.77 50635.96 51623.64
0 0 0 0 0 0 0 0 0 0 1000 1000 1414.21 2000 2000 2000 2000 2236.07 2828.43 3605.55 4242.64 5000 5656.85 6403.12 7071.07 7615.77 8062.26 8602.33 9219.54 9899.49 10630.15 11401.75 12206.56 13038.4 13892.44 14764.82 15652.48 16552.95 17464.25 18384.78 19313.21 20248.46 21189.62 22135.94 23086.79 24041.63 25000 25961.51 26925.82 27892.65 28861.74 29832.87 30805.84 31780.5 32756.68 33734.26 34713.11 35693.14 36674.24 37656.34 38639.36 39623.23 40607.88 41593.27 42579.34 43566.04 44553.34 45541.19 46529.56 47518.42 48507.73 49497.47 50487.62 51478.15
0 0 0 0 0 0 0 0 0 0 0 0 1000 1000 1000 1000 1000 1414.21 2236.07 2828.43 3605.55 4242.64 5000 5656.85 6324.56 6708.2 7211.1 7810.25 8485.28 9219.54 10000 10816.65 11661.9 12529.96 13416.41 14317.82 15231.55 16155.49 17088.01 18027.76 18973.67 19924.86 20880.61 21840.33 22803.51 23769.73 24738.63 25709.92 26683.33 27658.63 28635.64 29614.19 30594.12 31575.31 32557.64 33541.02 34525.35 35510.56 36496.58 37483.33 38470.77 39458.84 40447.5 41436.7 42426.41 43416.59 44407.21 45398.24 46389.65 47381.43 48373.55 49365.98 50358.71 51351.73
0 0 0 0 0 0 0 0 0 0 0 0 0 0 0 0 0 1000 1414.21 2236.07 2828.43 3605.55 4242.64 5000 5385.16 5830.95 6403.12 7071.07 7810.25 8602.33 9433.98 10295.63 11180.34 12083.05 13000 13928.39 14866.07 15811.39 16763.05 17720.05 18681.54 19646.88 20615.53 21587.03 22561.03 23537.2 24515.3 25495.1 26476.4 27459.06 28442.93 29427.88 30413.81 31400.64 32388.27 33376.64 34365.68 35355.34 36345.56 37336.31 38327.54 39319.21 40311.29 41303.75 42296.57 43289.72 44283.18 45276.93 46270.94 47265.21 48259.71 49254.44 50249.38 50990.2
0 0 0 0 0 0 0 0 0 0 0 0 0 0 0 0 0 0 1000 1414.21 2236.07 2828.43 3605.55 4123.11 4472.14 5000 5656.85 6403.12 7211.1 8062.26 8944.27 9848.86 10770.33 11704.7 12649.11 13601.47 14560.22 15524.17 16492.42 17464.25 18439.09 19416.49 20396.08 21377.56 22360.68 23345.24 24331.05 25317.98 26305.89 27294.69 28284.27 29274.56 30265.49 31257 32249.03 33241.54 34234.49 35227.83 36221.54 37215.59 38209.95 39204.59 40199.5 41194.66 42190.05 43185.65 44181.44 45177.43 46173.59 47169.91 48166.38 49162.99 49658.84 50089.92
0 0 0 0 0 0 0 0 0 0 0 0 0 0 0 0 0 0 0 1000 1414.21 2236.07 2828.43 3162.28 3605.55 4242.64 5000 5830.95 6708.2 7615.77 8544 9486.83 10440.31 11401.75 12369.32 13341.66 14317.82 15297.06 16278.82 17262.68 18248.29 19235.38 20223.75 21213.2 22203.6 23194.83 24186.77 25179.36 26172.5 27166.16 28160.26 29154.76 30149.63 31144.82 32140.32 33136.08 34132.1 35128.34 36124.78 37121.42 38118.24 39115.21 40112.34 41109.61 42107.01 43104.52 44102.15 45099.89 46097.72 47095.65 47927.03 48332.18 48754.49 49193.5
