AgentSeal_with_GreySeals/Input/land_distance_EastCoast_noBay_large.asc
NCOLS 284 
NROWS 185 
XLLCORNER 428292.82952926 
YLLCORNER 6186935 
CELLSIZE 1000 
NODATA_value -9999 
[rows 99 to 131 of 185, columns 148 to 221 of 284]
42638.01 43416.59 44204.07 45000 45803.93 46615.45 47434.16 48259.71 49091.75 49929.95 50774.01 51613.95 52430.91 53254.11 54083.27 54918.12 55758.41 56603.89 57454.33 58309.52 59169.25 60033.32 60901.56 61773.78 62649.82 63529.52 64412.73 65299.31 66189.12 67082.04 67977.94 68876.7 69771.05 70661.16 71554.18 72449.98 73348.48 74249.58 75153.18 76059.19 76967.53 77878.11 78790.86 79705.71 80622.58 81541.4 82462.11 83384.65 84308.96 85234.97 86162.64 87091.91 88022.72 88955.04 89888.82 90824.01 91760.56 92698.44 93637.6 94578.01 95519.63 96462.43 97406.37 98351.41 99297.53 100244.7 101192.89 102142.06 103092.19 104043.26 104995.24 105948.1 106892.47 107837.84
43266.62 44045.43 44821.87 45607.02 46400.43 47201.69 48010.42 48826.22 49648.77 50477.72 51312.77 52153.62 53000 53823.79 54644.3 55470.71 56302.75 57140.18 57982.76 58830.26 59682.49 60539.24 61400.33 62265.56 63134.78 64007.81 64884.51 65764.73 66648.33 67535.18 68425.14 69318.11 70213.96 71112.59 72006.94 72897.19 73790.24 74686.01 75584.39 76485.29 77388.63 78294.32 79202.27 80112.42 81024.69 81939 82855.3 83773.5 84693.57 85615.42 86539.01 87464.28 88391.18 89319.65 90249.65 91181.14 92114.06 93048.37 93984.04 94921.02 95859.27 96798.76 97739.45 98681.31 99624.29 100568.38 101513.55 102459.75 103406.96 104355.16 105304.32 106254.41 107205.41 108157.29
43829.21 44654.23 45453.27 46227.7 47010.64 47801.67 48600.41 49406.48 50219.52 51039.2 51865.21 52697.25 53535.04 54378.3 55217.75 56035.7 56859.48 57688.82 58523.5 59363.29 60207.97 61057.35 61911.23 62769.42 63631.75 64498.06 65368.19 66241.98 67119.3 68000 68883.96 69771.05 70661.16 71554.18 72449.98 73348.48 74242.84 75133.22 76026.31 76922.04 77820.31 78721.03 79624.12 80529.5 81437.09 82346.83 83258.63 84172.44 85088.19 86005.81 86925.26 87846.46 88769.36 89693.92 90620.09 91547.8 92477.02 93407.71 94339.81 95273.29 96208.11 97144.22 98081.6 99020.2 99959.99 100900.94 101843.02 102786.19 103730.42 104675.69 105621.97 106569.23 107517.44 108466.58
44407.21 45221.68 46043.46 46861.5 47634.02 48414.87 49203.66 50000 50803.54 51613.95 52430.91 53254.11 54083.27 54918.12 55758.41 56603.89 57428.22 58249.46 59076.22 59908.26 60745.37 61587.34 62433.97 63285.07 64140.47 65000 65863.5 66730.8 67601.78 68476.27 69354.16 70235.32 71119.62 72006.94 72897.19 73790.24 74686.01 75584.39 76478.76 77369.24 78262.38 79158.07 80056.23 80956.78 81859.64 82764.73 83671.98 84581.32 85492.69 86406.02 87321.25 88238.31 89157.16 90077.74 91000 91923.88 92849.34 93776.33 94704.8 95634.72 96566.04 97498.72 98432.72 99368 100304.54 101242.28 102181.21 103121.29 104062.48 105004.76 105948.1 106892.47 107837.84 108784.19
45000 45803.93 46615.45 47434.16 48259.71 49040.8 49819.67 50606.32 51400.39 52201.53 53009.43 53823.79 54644.3 55470.71 56302.75 57140.18 57982.76 58821.76 59640.59 60464.87 61294.37 62128.9 62968.25 63812.22 64660.65 65513.36 66370.17 67230.95 68095.52 68963.76 69835.52 70710.68 71589.11 72470.68 73355.3 74242.84 75133.22 76026.31 76922.04 77820.31 78714.67 79605.28 80498.45 81394.1 82292.16 83192.55 84095.18 85000 85906.93 86815.9 87726.85 88639.72 89554.45 90470.99 91389.28 92309.26 93230.9 94154.13 95078.91 96005.21 96932.97 97862.15 98792.71 99724.62 100657.84 101592.32 102528.04 103464.97 104403.07 105342.3 106282.64 107224.06 108166.54 109110.04
45607.02 46400.43 47201.69 48010.42 48826.22 49648.77 50447.99 51224.99 52009.61 52801.52 53600.37 54405.88 55217.75 56035.7 56859.48 57688.82 58523.5 59363.29 60207.97 61032.78 61854.67 62681.74 63513.78 64350.6 65192.02 66037.87 66887.97 67742.16 68600.29 69462.22 70327.8 71196.91 72069.41 72945.18 73824.12 74706.09 75591 76478.76 77369.24 78262.38 79158.07 80056.23 80950.6 81841.31 82734.52 83630.14 84528.1 85428.33 86330.76 87235.31 88141.93 89050.55 89961.1 90873.54 91787.8 92703.83 93621.58 94541 95462.03 96384.65 97308.79 98234.41 99161.48 100089.96 101019.8 101950.97 102883.43 103817.15 104752.09 105688.22 106625.51 107563.93 108503.46 109444.05
46227.7 47010.64 47801.67 48600.41 49406.48 50219.52 51039.2 51855.57 52630.79 53413.48 54203.32 55000 55803.23 56612.72 57428.22 58249.46 59076.22 59908.26 60745.37 61587.34 62425.96 63245.55 64070.27 64899.92 65734.31 66573.27 67416.62 68264.19 69115.84 69971.42 70830.78 71693.79 72560.32 73430.24 74303.43 75179.78 76059.19 76941.54 77826.73 78714.67 79605.28 80498.45 81394.1 82292.16 83186.54 84077.35 84970.58 85866.17 86764.05 87664.13 88566.36 89470.67 90376.99 91285.27 92195.44 93107.46 94021.27 94936.82 95854.06 96772.93 97693.4 98615.41 99538.94 100463.92 101390.33 102318.13 103247.28 104177.73 105109.47 106042.44 106976.63 107912 108848.52 109786.16
46861.5 47634.02 48414.87 49203.66 50000 50803.54 51613.95 52430.91 53254.11 54037.02 54817.88 55605.76 56400.35 57201.4 58008.62 58821.76 59640.59 60464.87 61294.37 62128.9 62968.25 63812.22 64637.45 65459.91 66287.25 67119.3 67955.87 68796.8 69641.94 70491.13 71344.24 72201.11 73061.62 73925.64 74793.05 75663.73 76537.57 77414.47 78294.32 79177.02 80062.48 80950.6 81841.31 82734.52 83630.14 84528.1 85422.48 86313.38 87206.65 88102.21 89000 89899.94 90801.98 91706.05 92612.09 93520.05 94429.87 95341.49 96254.87 97169.95 98086.7 99005.05 99924.97 100846.42 101769.35 102693.72 103619.5 104546.64 105475.12 106404.89 107335.92 108268.19 109201.65 110136.28
47296.93 48270.07 49040.8 49819.67 50606.32 51400.39 52201.53 53009.43 53823.79 54644.3 55443.67 56222.77 57008.77 57801.38 58600.34 59405.39 60216.28 61032.78 61854.67 62681.74 63513.78 64350.6 65192.02 66030.3 66850.58 67675.7 68505.47 69339.74 70178.34 71021.12 71867.93 72718.64 73573.09 74431.18 75292.76 76157.73 77025.97 77897.37 78771.82 79649.23 80529.5 81412.53 82298.24 83186.54 84077.35 84970.58 85866.17 86764.05 87658.43 88549.42 89442.72 90338.25 91235.96 92135.77 93037.63 93941.47 94847.25 95754.9 96664.37 97575.61 98488.58 99403.22 100319.49 101237.34 102156.74 103077.64 104000 104923.78 105848.95 106775.47 107703.3 108632.41 109562.77 110494.34
47539.46 48507.73 49477.27 50447.99 51224.99 52009.61 52801.52 53600.37 54405.88 55217.75 56035.7 56850.68 57628.12 58412.33 59203.04 60000 60802.96 61611.69 62425.96 63245.55 64070.27 64899.92 65734.31 66573.27 67416.62 68242.22 69065.19 69892.78 70724.82 71561.16 72401.66 73246.16 74094.53 74946.65 75802.37 76661.59 77524.19 78390.05 79259.07 80131.14 81006.17 81884.06 82764.73 83648.07 84534.02 85422.48 86313.38 87206.65 88102.21 89000 89894.38 90785.46 91678.79 92574.29 93471.92 94371.61 95273.29 96176.92 97082.44 97989.8 98898.94 99809.82 100722.39 101636.61 102552.43 103469.8 104388.7 105309.07 106230.88 107154.09 108078.68 109004.59 109931.8 110860.27
47801.67 48764.74 49729.27 50695.17 51662.37 52630.79 53413.48 54203.32 55000 55803.23 56612.72 57428.22 58249.46 59033.89 59816.39 60605.28 61400.33 62201.29 63007.94 63820.06 64637.45 65459.91 66287.25 67119.3 67955.87 68796.8 69634.76 70455.66 71281.13 72111.03 72945.18 73783.47 74625.73 75471.85 76321.69 77175.13 78032.04 78892.33 79755.88 80622.58 81492.33 82365.04 83240.62 84118.96 85000 85883.64 86769.81 87658.43 88549.42 89442.72 90338.25 91235.96 92130.34 93021.5 93914.86 94810.34 95707.89 96607.45 97508.97 98412.4 99317.67 100224.75 101133.58 102044.11 102956.3 103870.11 104785.5 105702.41 106620.82 107540.69 108461.97 109384.64 110308.66 111233.99
48083.26 49040.8 50000 50960.77 51923.02 52886.67 53851.65 54817.88 55605.76 56400.35 57201.4 58008.62 58821.76 59640.59 60440.05 61220.91 62008.06 62801.27 63600.31 64404.97 65215.03 66030.3 66850.58 67675.7 68505.47 69339.74 70178.34 71021.12 71847.06 72670.49 73498.3 74330.34 75166.48 76006.58 76850.5 77698.13 78549.35 79404.03 80262.07 81123.36 81987.8 82855.3 83725.74 84599.05 85475.14 86353.92 87235.31 88119.24 89005.62 89894.38 90785.46 91678.79 92574.29 93471.92 94366.31 95257.55 96150.92 97046.38 97943.86 98843.31 99744.67 100647.9 101552.94 102459.75 103368.27 104278.47 105190.3 106103.72 107018.69 107935.17 108853.11 109772.49 110693.27 111615.41
48383.88 49335.59 50289.16 51244.51 52201.53 53160.14 54120.24 55081.76 56044.63 57008.77 57801.38 58600.34 59405.39 60216.28 61032.78 61846.58 62625.87 63411.36 64202.8 65000 65802.74 66610.81 67424.03 68242.22 69065.19 69892.78 70724.82 71561.16 72401.66 73239.33 74060.79 74886.58 75716.58 76550.64 77388.63 78230.43 79075.91 79924.96 80777.47 81633.33 82492.42 83354.66 84219.95 85088.19 85959.29 86833.17 87709.75 88588.94 89470.67 90354.86 91241.44 92130.34 93021.5 93914.86 94810.34 95707.89 96602.28 97493.59 98386.99 99282.43 100179.84 101079.18 101980.39 102883.43 103788.25 104694.79 105603.03 106512.91 107424.39 108337.44 109252 110168.05 111085.55 112004.46
48703.18 49648.77 50596.44 51546.1 52497.62 53450.91 54405.88 55362.44 56320.51 57280.01 58240.88 59203.04 60000 60802.96 61611.69 62425.96 63245.55 64031.24 64815.12 65604.88 66400.3 67201.19 68007.35 68818.6 69634.76 70455.66 71281.13 72111.03 72945.18 73783.47 74625.73 75451.97 76275.82 77103.83 77935.87 78771.82 79611.56 80454.96 81301.91 82152.3 83006.02 83862.98 84723.08 85586.21 86452.3 87321.25 88192.97 89067.39 89944.43 90824.01 91706.05 92590.5 93477.27 94366.31 95257.55 96150.92 97046.38 97943.86 98838.25 99729.63 100623.06 101518.47 102415.82 103315.05 104216.12 105118.98 106023.58 106929.88 107837.84 108747.41 109658.56 110571.24 111485.43 112401.07
49040.8 49980 50921.51 51865.21 52810.98 53758.72 54708.32 55659.68 56612.72 57567.35 58523.5 59481.09 60440.05 61400.33 62201.29 63007.94 63820.06 64637.45 65436.99 66219.33 67007.46 67801.18 68600.29 69404.61 70213.96 71028.16 71847.06 72670.49 73498.3 74330.34 75166.48 76006.58 76844 77665.95 78492.04 79322.13 80156.1 80993.83 81835.2 82680.11 83528.44 84380.09 85234.97 86092.97 86954.01 87817.99 88684.84 89554.45 90426.77 91301.7 92179.17 93059.12 93941.47 94826.16 95713.11 96602.28 97493.59 98386.99 99282.43 100179.84 101074.23 101965.68 102859.13 103754.52 104651.8 105550.94 106451.87 107354.55 108258.95 109165.01 110072.7 110981.98 111892.81 112805.14
49396.36 50328.92 51264.02 52201.53 53141.32 54083.27 55027.27 55973.21 56921 57870.55 58821.76 59774.58 60728.91 61684.68 62641.84 63600.31 64404.97 65215.03 66030.3 66843.1 67623.96 68410.53 69202.6 70000 70802.54 71610.06 72422.37 73239.33 74060.79 74886.58 75716.58 76550.64 77388.63 78230.43 79056.94 79881.16 80709.36 81541.4 82377.18 83216.58 84059.5 84905.83 85755.47 86608.31 87464.28 88323.27 89185.2 90049.99 90917.55 91787.8 92660.67 93536.09 94413.98 95294.28 96176.92 97061.84 97948.97 98838.25 99729.63 100623.06 101518.47 102415.82 103310.21 104201.73 105095.19 105990.57 106887.79 107786.83 108687.63 109590.15 110494.34 111400.18 112307.61 113216.61
49769.47 50695.17 51623.64 52554.73 53488.32 54424.26 55362.44 56302.75 57245.09 58189.35 59135.44 60083.28 61032.78 61983.87 62936.48 63890.53 64845.97 65802.74 66610.81 67424.03 68242.22 69028.98 69814.04 70604.53 71400.28 72201.11 73006.85 73817.34 74632.43 75451.97 76275.82 77103.83 77935.87 78771.82 79611.56 80448.74 81271.15 82097.5 82927.68 83761.57 84599.05 85440.04 86284.41 87132.08 87982.95 88836.93 89693.92 90553.85 91416.63 92282.18 93150.42 94021.27 94894.68 95770.56 96648.85 97529.48 98412.4 99297.53 100184.83 101074.23 101965.68 102859.13 103754.52 104651.8 105546.2 106437.78 107331.26 108166.54 109000 109836.24 110675.2 111516.81 112361.03 113207.77
50159.74 51078.37 52000 52924.47 53851.65 54781.38 55713.55 56648.04 57584.72 58523.5 59464.27 60406.95 61351.45 62297.67 63245.55 64195.02 65145.99 66098.41 67052.22 68007.35 68818.6 69634.76 70434.37 71217.98 72006.94 72801.1 73600.27 74404.3 75213.03 76026.31 76844 77665.95 78492.04 79322.13 80156.1 80993.83 81835.2 82661.96 83486.53 84314.89 85146.93 85982.56 86821.66 87664.13 88509.89 89358.83 90210.86 91065.91 91923.88 92784.7 93648.28 94514.55 95383.44 96213.3 97005.15 97800.82 98600.2 99403.22 100209.78 101019.8 101833.2 102649.89 103469.8 104292.86 105118.98 105948.1 106780.15 107615.05 108452.75 109293.18 110136.28 110981.98 111830.23 112645.46
50566.79 51478.15 52392.75 53310.41 54230.99 55154.33 56080.3 57008.77 57939.62 58872.74 59808.03 60745.37 61684.68 62625.87 63568.86 64513.56 65459.91 66407.83 67357.26 68308.13 69260.38 70213.96 71028.16 71840.1 72622.31 73409.81 74202.43 75000 75802.37 76609.4 77420.93 78236.82 79056.94 79881.16 80709.36 81541.4 82377.18 83216.58 84053.55 84876.38 85632.94 86371.29 87114.87 87863.53 88617.15 89375.61 90138.78 90906.55 91678.79 92455.39 93236.26 94021.27 94810.34 95603.35 96400.21 97200.82 98005.1 98812.95 99624.29 100439.04 101257.1 102078.4 102902.87 103730.42 104560.99 105394.5 106230.88 107070.07 107912 108756.61 109603.83 110435.5 111251.97 112071.41
50990.2 51894.12 52801.52 53712.2 54626 55542.78 56462.38 57384.67 58309.52 59236.81 60166.44 61098.28 62032.25 62968.25 63906.18 64845.97 65787.54 66730.8 67675.7 68622.15 69570.11 70519.5 71470.27 72422.37 73239.33 74027.02 74813.1 75604.23 76400.26 77155.69 77833.15 78517.51 79208.59 79906.2 80610.17 81320.35 82036.58 82758.69 83486.53 84219.95 84958.81 85702.98 86452.3 87206.65 87965.9 88729.93 89498.6 90271.81 91049.44 91831.37 92617.49 93407.71 94201.91 95000 95801.88 96607.45 97416.63 98229.32 99045.44 99864.91 100687.64 101513.55 102342.56 103174.61 104009.61 104847.51 105688.22 106531.69 107377.84 108226.61 109041.28 109859 110679.72 111503.36
51429.56 52325.9 53225.93 54129.47 55036.35 55946.4 56859.48 57775.43 58694.12 59615.43 60539.24 61465.44 62393.91 63324.56 64257.3 65192.02 66128.66 67067.13 68007.35 68949.26 69892.78 70837.84 71784.4 72470.68 73109.51 73756.36 74411.02 75073.3 75742.99 76419.89 77103.83 77794.6 78492.04 79195.96 79906.2 80622.58 81344.94 82073.14 82807 83546.39 84291.16 85041.17 85796.27 86556.34 87321.25 88090.86 88865.07 89643.74 90426.77 91214.03 92005.43 92800.86 93600.21 94403.39 95210.29 96020.83 96834.91 97652.44 98473.35 99297.53 100124.92 100955.44 101789 102625.53 103464.97 104307.24 105152.27 106000 106831.64 107647.57 108466.58 109288.61 110113.58 110941.43
51884.49 52773.1 53665.63 54561.89 55461.7 56364.88 57271.28 58180.75 59093.15 60008.33 60926.18 61846.58 62769.42 63694.58 64621.98 65551.51 66483.08 67416.62 68352.03 69202.6 69814.04 70434.37 71063.35 71700.77 72346.39 73000 73661.39 74330.34 75006.67 75690.16 76380.63 77077.88 77781.75 78492.04 79208.59 79931.22 80659.78 81394.1 82134.04 82879.43 83630.14 84386.02 85146.93 85912.75 86683.33 87458.56 88238.31 89022.47 89810.91 90603.53 91400.22 92200.87 93005.38 93813.65 94625.58 95441.08 96260.06 97082.44 97908.12 98737.02 99569.07 100404.18 101242.28 102083.3 102927.16 103773.79 104623.13 105437.19 106254.41 107074.74 107898.1 108724.42 109553.64 110385.69
52325.9 53225.93 54120.24 55009.09 55901.7 56797.89 57697.49 58600.34 59506.3 60415.23 61326.99 62241.47 63158.53 64078.08 65000 65924.2 66610.81 67201.19 67801.18 68410.53 69028.98 69656.3 70292.25 70936.59 71589.11 72249.57 72917.76 73593.48 74276.51 74966.66 75663.73 76367.53 77077.88 77794.6 78517.51 79246.45 79981.25 80721.74 81467.79 82219.22 82975.9 83737.69 84504.44 85276.02 86052.31 86833.17 87618.49 88408.14 89202.02 90000 90801.98 91607.86 92417.53 93230.9 94047.86 94868.33 95692.21 96519.43 97349.88 98183.5 99020.2 99859.9 100702.53 101548.02 102396.29 103227.9 104043.26 104861.81 105683.49 106508.22 107335.92 108166.54 109000 109836.24
52773.1 53665.63 54561.89 55461.7 56356.01 57245.09 58137.77 59033.89 59933.3 60835.84 61741.4 62649.82 63513.78 64070.27 64637.45 65215.03 65802.74 66400.3 67007.46 67623.96 68249.54 68883.96 69526.97 70178.34 70837.84 71505.24 72180.33 72862.88 73552.7 74249.58 74953.32 75663.73 76380.63 77103.83 77833.15 78568.44 79309.52 80056.23 80808.42 81565.92 82328.61 83096.33 83868.95 84646.32 85428.33 86214.85 87005.75 87800.91 88600.23 89403.58 90210.86 91021.98 91836.81 92655.28 93477.27 94302.7 95131.49 95963.53 96798.76 97637.08 98478.42 99322.71 100169.86 101019.8 101833.2 102649.89 103469.8 104292.86 105118.98 105948.1 106780.15 107615.05 108452.75 109293.18
53150.73 54120.24 55009.09 55901.7 56797.89 57697.49 58591.81 59481.09 60373.84 61057.35 61587.34 62128.9 62681.74 63245.55 63820.06 64404.97 65000 65604.88 66219.33 66843.1 67475.92 68117.55 68767.72 69426.22 70092.8 70767.22 71449.28 72138.76 72835.43 73539.11 74249.58 74966.66 75690.16 76419.89 77155.69 77897.37 78644.77 79397.73 80156.1 80919.71 81688.43 82462.11 83240.62 84023.81 84811.56 85603.74 86400.23 87200.92 88005.68 88814.41 89627 90443.35 91263.36 92086.92 92913.94 93744.33 94578.01 95414.88 96254.87 97097.89 97943.86 98792.71 99624.29 100439.04 101257.1 102078.4 102902.87 103730.42 104560.99 105394.5 106230.88 107070.07 107912 108756.61
52952.81 53935.15 54918.12 55901.7 56885.85 57870.55 58668.56 59169.25 59682.49 60207.97 60745.37 61294.37 61854.67 62425.96 63007.94 63600.31 64202.8 64815.12 65436.99 66068.15 66708.32 67357.26 68014.7 68680.42 69354.16 70035.71 70724.82 71421.29 72124.89 72835.43 73552.7 74276.51 75006.67 75742.99 76485.29 77233.41 77987.18 78746.43 79511.01 80280.76 81055.54 81835.2 82619.61 83408.63 84202.14 85000 85802.1 86608.31 87418.53 88232.65 89050.55 89872.13 90697.3 91525.95 92358 93193.35 94031.91 94873.6 95718.34 96566.04 97416.63 98229.32 99045.44 99864.91 100687.64 101513.55 102342.56 103174.61 104009.61 104847.51 105688.22 106531.69 107377.84 108226.61
52773.1 53758.72 54744.86 55731.5 56718.6 57306.2 57801.38 58309.52 58830.26 59363.29 59908.26 60464.87 61032.78 61611.69 62201.29 62801.27 63411.36 64031.24 64660.65 65299.31 65946.95 66603.3 67268.12 67941.15 68622.15 69310.89 70007.14 70710.68 71421.29 72138.76 72862.88 73593.48 74330.34 75073.3 75822.16 76576.76 77336.93 78102.5 78873.32 79649.23 80430.09 81215.76 82006.1 82800.97 83600.24 84403.79 85211.5 86023.25 86838.93 87658.43 88481.64 89308.45 90138.78 90972.52 91809.59 92649.88 93493.32 94339.81 95189.29 96020.83 96834.91 97652.44 98473.35 99297.53 100124.92 100955.44 101789 102625.53 103464.97 104307.24 105152.27 106000 106850.36 107703.3
52611.79 53600.37 54589.38 55470.71 55946.4 56435.8 56938.56 57454.33 57982.76 58523.5 59076.22 59640.59 60216.28 60802.96 61400.33 62008.06 62625.87 63253.46 63890.53 64536.81 65192.02 65855.9 66528.19 67208.63 67896.98 68593 69296.46 70007.14 70724.82 71449.28 72180.33 72917.76 73661.39 74411.02 75166.48 75927.6 76694.2 77466.12 78243.21 79025.31 79812.28 80603.97 81400.25 82200.97 83006.02 83815.27 84628.6 85445.89 86267.03 87091.91 87920.42 88752.46 89587.95 90426.77 91268.83 92114.06 92962.36 93813.65 94625.58 95441.08 96260.06 97082.44 97908.12 98737.02 99569.07 100404.18 101242.28 102083.3 102927.16 103773.79 104623.13 105475.12 106329.68 107186.75
52469.04 53460.27 54120.24 54589.38 55072.68 55569.78 56080.3 56603.89 57140.18 57688.82 58249.46 58821.76 59405.39 60000 60605.28 61220.91 61846.58 62482 63126.86 63780.87 64443.77 65115.28 65795.14 66483.08 67178.87 67882.25 68593 69310.89 70035.71 70767.22 71505.24 72249.57 73000 73756.36 74518.45 75286.12 76059.19 76837.49 77620.87 78409.18 79202.27 80000 80802.23 81608.82 82419.66 83234.61 84053.55 84876.38 85702.98 86533.23 87367.04 88204.31 89044.93 89888.82 90735.88 91586.03 92417.53 93230.9 94047.86 94868.33 95692.21 96519.43 97349.88 98183.5 99020.2 99859.9 100702.53 101548.02 102396.29 103247.28 104100.91 104957.13 105815.88 106677.08
52325.9 52773.1 53235.33 53712.2 54203.32 54708.32 55226.81 55758.41 56302.75 56859.48 57428.22 58008.62 58600.34 59203.04 59816.39 60440.05 61073.73 61717.1 62369.86 63031.74 63702.43 64381.67 65069.19 65764.73 66468.04 67178.87 67896.98 68622.15 69354.16 70092.8 70837.84 71589.11 72346.39 73109.51 73878.28 74652.53 75432.09 76216.8 77006.49 77801.03 78600.25 79404.03 80212.22 81024.69 81841.31 82661.96 83486.53 84314.89 85146.93 85982.56 86821.66 87664.13 88509.89 89358.83 90210.86 91021.98 91836.81 92655.28 93477.27 94302.7 95131.49 95963.53 96798.76 97637.08 98478.42 99322.71 100169.86 101019.8 101872.47 102727.8 103585.71 104446.16 105309.07 106174.38
51429.56 51884.49 52354.56 52839.38 53338.54 53851.65 54378.3 54918.12 55470.71 56035.7 56612.72 57201.4 57801.38 58412.33 59033.89 59665.74 60307.55 60959 61619.8 62289.65 62968.25 63655.32 64350.6 65053.82 65764.73 66483.08 67208.63 67941.15 68680.42 69426.22 70178.34 70936.59 71700.77 72470.68 73246.16 74027.02 74813.1 75604.23 76400.26 77201.04 78006.41 78816.24 79630.4 80448.74 81271.15 82097.5 82927.68 83761.57 84599.05 85440.04 86284.41 87132.08 87982.95 88814.41 89627 90443.35 91263.36 92086.92 92913.94 93744.33 94578.01 95414.88 96254.87 97097.89 97943.86 98792.71 99644.37 100498.76 101355.81 102215.46 103077.64 103942.29 104809.35 105678.76
50537.12 51000 51478.15 51971.15 52478.57 53000 53535.04 54083.27 54644.3 55217.75 55803.23 56400.35 57008.77 57628.12 58258.05 58898.22 59548.3 60207.97 60876.93 61554.85 62241.47 62936.48 63639.61 64350.6 65069.19 65795.14 66528.19 67268.12 68014.7 68767.72 69526.97 70292.25 71063.35 71840.1 72622.31 73409.81 74202.43 75000 75802.37 76609.4 77420.93 78236.82 79056.94 79881.16 80709.36 81541.4 82377.18 83216.58 84059.5 84905.83 85755.47 86608.31 87418.53 88232.65 89050.55 89872.13 90697.3 91525.95 92358 93193.35 94031.91 94873.6 95718.34 96566.04 97416.63 98270.04 99126.18 99985 100846.42 101710.37 102576.8 103445.64 104316.83 105190.3
49648.77 50119.86 50606.32 51107.73 51623.64 52153.62 52697.25 53254.11 53823.79 54405.88 55000 55605.76 56222.77 56850.68 57489.13 58137.77 58796.26 59464.27 60141.5 60827.63 61522.35 62225.4 62936.48 63655.32 64381.67 65115.28 65855.9 66603.3 67357.26 68117.55 68883.96 69656.3 70434.37 71217.98 72006.94 72801.1 73600.27 74404.3 75213.03 76026.31 76844 77665.95 78492.04 79322.13 80156.1 80993.83 81835.2 82680.11 83528.44 84380.09 85211.5 86023.25 86838.93 87658.43 88481.64 89308.45 90138.78 90972.52 91809.59 92649.88 93493.32 94339.81 95189.29 96041.66 96896.85 97754.8 98615.41 99478.64 100344.41 101212.65 102083.3 102956.3 103831.59 104709.12
